ClusterIndex	Probability	OffspringID	FatherID	MotherID
1	0.1548	PM_BMR_001	1	1
1	0.1548	PM_BMR_018	3	3
1	0.1548	PM_BMR_019	4	4
1	0.1548	PM_BMR_020	5	5
1	0.1548	PM_BMR_021	6	6
1	0.1548	PM_BMR_025	5	8
1	0.1548	PM_BMR_026	8	9
1	0.1548	PM_BMR_027	9	5
1	0.1548	PM_BMR_029	8	10
1	0.1548	PM_BMR_030	10	10
1	0.1548	PM_BMR_033	10	10
1	0.1548	PM_BMR_034	1	11
1	0.1548	PM_BMR_036	11	12
1	0.1548	PM_BMR_037	9	10
1	0.1548	PM_BMR_038	11	12
1	0.1548	PM_BMR_039	6	6
1	0.1548	PM_BMR_040	8	10
1	0.1548	PM_BMR_041	4	4
1	0.1548	PM_BMR_042	1	11
1	0.1548	PM_BMR_043	1	13
1	0.1548	PM_BMR_044	6	6
1	0.1548	PM_BMR_045	12	4
1	0.1548	PM_BMR_047	5	14
1	0.1548	PM_BMR_049	6	16
1	0.1548	PM_BMR_051	9	5
1	0.1548	PM_BMR_053	1	11
1	0.1548	PM_BMR_054	6	16
1	0.1548	PM_BMR_055	15	17
1	0.1548	PM_BMR_056	6	6
1	0.1548	PM_BMR_057	11	12
1	0.1548	PM_BMR_058	6	16
1	0.1548	PM_BMR_059	9	5
1	0.1548	PM_BMR_060	16	18
1	0.1548	PM_BMR_061	4	4
1	0.1548	PM_BMR_062	4	4
1	0.1548	PM_BMR_063	10	10
1	0.1548	PM_BMR_065	11	12
1	0.1548	PM_BMR_066	17	19
1	0.1548	PM_BMR_068	18	17
1	0.1548	PM_BMR_069	1	20
1	0.1548	PM_BMR_070	12	4
1	0.1548	PM_BMR_071	1	11
1	0.1548	PM_BMR_072	4	4
1	0.1548	PM_BMR_073	1	13
1	0.1548	PM_BMR_074	10	10
1	0.1548	PM_BMR_075	10	10
1	0.1548	PM_BMR_076	1	11
1	0.1548	PM_BMR_077	1	11
1	0.1548	PM_BMR_078	6	6
1	0.1548	PM_BMR_079	1	11
1	0.1548	PM_BMR_080	19	10
1	0.1548	PM_BMR_081	1	20
1	0.1548	PM_BMR_082	1	11
1	0.1548	PM_BMR_083	11	12
1	0.1548	PM_BMR_084	20	4
1	0.1548	PM_BMR_085	4	4
1	0.1548	PM_BMR_086	12	4
1	0.1548	PM_BMR_089	1	11
1	0.1548	PM_BMR_090	4	4
1	0.1548	PM_BMR_093	1	13
1	0.1548	PM_BMR_094	1	11
1	0.1548	PM_BMR_095	4	4
1	0.1548	PM_BMR_096	11	12
1	0.1548	PM_BMR_097	1	11
1	0.1548	PM_BMR_099	4	4
1	0.1548	PM_BMR_1001	15	17
1	0.1548	PM_BMR_1005	8	10
1	0.1548	PM_BMR_1007	1	13
1	0.1548	PM_BMR_1009	19	10
1	0.1548	PM_BMR_101	1	11
1	0.1548	PM_BMR_1011	4	4
1	0.1548	PM_BMR_1012	4	4
1	0.1548	PM_BMR_1014	8	10
1	0.1548	PM_BMR_1015	4	4
1	0.1548	PM_BMR_1016	16	18
1	0.1548	PM_BMR_1017	8	10
1	0.1548	PM_BMR_1018	1	11
1	0.1548	PM_BMR_102	8	10
1	0.1548	PM_BMR_1021	4	4
1	0.1548	PM_BMR_1022	6	16
1	0.1548	PM_BMR_1023	4	4
1	0.1548	PM_BMR_1025	4	4
1	0.1548	PM_BMR_1027	1	11
1	0.1548	PM_BMR_1028	9	5
1	0.1548	PM_BMR_1029	5	5
1	0.1548	PM_BMR_103	11	12
1	0.1548	PM_BMR_1031	8	10
1	0.1548	PM_BMR_1032	4	4
1	0.1548	PM_BMR_1033	1	11
1	0.1548	PM_BMR_1035	16	18
1	0.1548	PM_BMR_1036	8	10
1	0.1548	PM_BMR_1037	6	16
1	0.1548	PM_BMR_1039	1	11
1	0.1548	PM_BMR_104	1	11
1	0.1548	PM_BMR_1040	6	16
1	0.1548	PM_BMR_1042	4	4
1	0.1548	PM_BMR_1043	8	10
1	0.1548	PM_BMR_1045	1	11
1	0.1548	PM_BMR_1047	19	10
1	0.1548	PM_BMR_1048	5	10
1	0.1548	PM_BMR_1049	19	3
1	0.1548	PM_BMR_105	6	16
1	0.1548	PM_BMR_1051	1	13
1	0.1548	PM_BMR_1053	1	11
1	0.1548	PM_BMR_1054	1	11
1	0.1548	PM_BMR_106	5	5
1	0.1548	PM_BMR_109	8	10
1	0.1548	PM_BMR_110	6	16
1	0.1548	PM_BMR_111	10	10
1	0.1548	PM_BMR_113	12	4
1	0.1548	PM_BMR_115	1	11
1	0.1548	PM_BMR_116	4	4
1	0.1548	PM_BMR_117	1	11
1	0.1548	PM_BMR_118	4	4
1	0.1548	PM_BMR_119	19	10
1	0.1548	PM_BMR_121	6	16
1	0.1548	PM_BMR_122	1	11
1	0.1548	PM_BMR_124	9	21
1	0.1548	PM_BMR_126	4	4
1	0.1548	PM_BMR_131	23	23
1	0.1548	PM_BMR_132	24	24
1	0.1548	PM_BMR_133	15	17
1	0.1548	PM_BMR_134	25	24
1	0.1548	PM_BMR_135	26	23
1	0.1548	PM_BMR_136	27	12
1	0.1548	PM_BMR_137	28	17
1	0.1548	PM_BMR_138	29	6
1	0.1548	PM_BMR_139	30	17
1	0.1548	PM_BMR_140	24	24
1	0.1548	PM_BMR_141	11	12
1	0.1548	PM_BMR_142	19	10
1	0.1548	PM_BMR_143	31	25
1	0.1548	PM_BMR_145	33	27
1	0.1548	PM_BMR_146	27	6
1	0.1548	PM_BMR_147	33	28
1	0.1548	PM_BMR_149	24	24
1	0.1548	PM_BMR_151	28	17
1	0.1548	PM_BMR_153	31	25
1	0.1548	PM_BMR_154	31	29
1	0.1548	PM_BMR_155	4	4
1	0.1548	PM_BMR_156	24	17
1	0.1548	PM_BMR_157	27	6
1	0.1548	PM_BMR_160	31	25
1	0.1548	PM_BMR_161	25	24
1	0.1548	PM_BMR_162	33	25
1	0.1548	PM_BMR_163	29	6
1	0.1548	PM_BMR_164	26	23
1	0.1548	PM_BMR_165	28	17
1	0.1548	PM_BMR_166	23	23
1	0.1548	PM_BMR_167	34	31
1	0.1548	PM_BMR_168	23	32
1	0.1548	PM_BMR_169	24	24
1	0.1548	PM_BMR_170	1	11
1	0.1548	PM_BMR_171	34	33
1	0.1548	PM_BMR_172	35	34
1	0.1548	PM_BMR_173	11	12
1	0.1548	PM_BMR_174	27	12
1	0.1548	PM_BMR_175	24	24
1	0.1548	PM_BMR_176	33	25
1	0.1548	PM_BMR_177	23	23
1	0.1548	PM_BMR_178	34	33
1	0.1548	PM_BMR_179	4	4
1	0.1548	PM_BMR_182	11	12
1	0.1548	PM_BMR_183	27	12
1	0.1548	PM_BMR_184	6	16
1	0.1548	PM_BMR_185	12	12
1	0.1548	PM_BMR_187	30	17
1	0.1548	PM_BMR_188	4	4
1	0.1548	PM_BMR_189	11	12
1	0.1548	PM_BMR_191	31	25
1	0.1548	PM_BMR_192	35	34
1	0.1548	PM_BMR_193	30	17
1	0.1548	PM_BMR_195	30	17
1	0.1548	PM_BMR_196	35	34
1	0.1548	PM_BMR_197	15	17
1	0.1548	PM_BMR_198	34	27
1	0.1548	PM_BMR_200	26	23
1	0.1548	PM_BMR_201	33	27
1	0.1548	PM_BMR_202	17	12
1	0.1548	PM_BMR_203	23	23
1	0.1548	PM_BMR_204	33	27
1	0.1548	PM_BMR_205	25	37
1	0.1548	PM_BMR_206	4	4
1	0.1548	PM_BMR_207	34	27
1	0.1548	PM_BMR_209	15	17
1	0.1548	PM_BMR_210	35	25
1	0.1548	PM_BMR_212	27	6
1	0.1548	PM_BMR_213	6	16
1	0.1548	PM_BMR_214	33	25
1	0.1548	PM_BMR_215	33	27
1	0.1548	PM_BMR_216	30	17
1	0.1548	PM_BMR_217	35	34
1	0.1548	PM_BMR_219	11	12
1	0.1548	PM_BMR_220	34	27
1	0.1548	PM_BMR_222	8	10
1	0.1548	PM_BMR_224	25	24
1	0.1548	PM_BMR_225	25	24
1	0.1548	PM_BMR_228	34	31
1	0.1548	PM_BMR_229	28	17
1	0.1548	PM_BMR_230	29	32
1	0.1548	PM_BMR_231	11	12
1	0.1548	PM_BMR_232	26	23
1	0.1548	PM_BMR_233	27	12
1	0.1548	PM_BMR_234	23	32
1	0.1548	PM_BMR_235	4	4
1	0.1548	PM_BMR_236	33	25
1	0.1548	PM_BMR_237	11	12
1	0.1548	PM_BMR_238	27	12
1	0.1548	PM_BMR_239	35	34
1	0.1548	PM_BMR_242	25	24
1	0.1548	PM_BMR_245	8	10
1	0.1548	PM_BMR_246	25	24
1	0.1548	PM_BMR_247	25	24
1	0.1548	PM_BMR_248	31	25
1	0.1548	PM_BMR_249	24	24
1	0.1548	PM_BMR_250	1	11
1	0.1548	PM_BMR_251	26	23
1	0.1548	PM_BMR_252	34	33
1	0.1548	PM_BMR_253	31	25
1	0.1548	PM_BMR_254	27	12
1	0.1548	PM_BMR_256	28	17
1	0.1548	PM_BMR_257	31	25
1	0.1548	PM_BMR_258	5	5
1	0.1548	PM_BMR_259	25	37
1	0.1548	PM_BMR_260	25	37
1	0.1548	PM_BMR_261	33	27
1	0.1548	PM_BMR_264	30	17
1	0.1548	PM_BMR_266	11	12
1	0.1548	PM_BMR_267	25	24
1	0.1548	PM_BMR_268	27	6
1	0.1548	PM_BMR_269	31	29
1	0.1548	PM_BMR_273	24	17
1	0.1548	PM_BMR_274	24	24
1	0.1548	PM_BMR_275	30	17
1	0.1548	PM_BMR_276	25	24
1	0.1548	PM_BMR_278	5	14
1	0.1548	PM_BMR_280	15	17
1	0.1548	PM_BMR_281	4	4
1	0.1548	PM_BMR_282	23	23
1	0.1548	PM_BMR_283	34	31
1	0.1548	PM_BMR_284	4	4
1	0.1548	PM_BMR_286	31	25
1	0.1548	PM_BMR_287	11	12
1	0.1548	PM_BMR_288	28	17
1	0.1548	PM_BMR_290	1	11
1	0.1548	PM_BMR_291	31	25
1	0.1548	PM_BMR_292	11	12
1	0.1548	PM_BMR_296	23	23
1	0.1548	PM_BMR_297	34	27
1	0.1548	PM_BMR_298	24	24
1	0.1548	PM_BMR_299	23	23
1	0.1548	PM_BMR_301	15	17
1	0.1548	PM_BMR_302	30	17
1	0.1548	PM_BMR_303	34	31
1	0.1548	PM_BMR_305	34	31
1	0.1548	PM_BMR_306	29	6
1	0.1548	PM_BMR_307	25	37
1	0.1548	PM_BMR_309	11	12
1	0.1548	PM_BMR_310	6	16
1	0.1548	PM_BMR_311	38	17
1	0.1548	PM_BMR_312	24	24
1	0.1548	PM_BMR_313	1	11
1	0.1548	PM_BMR_316	19	10
1	0.1548	PM_BMR_318	31	25
1	0.1548	PM_BMR_320	31	25
1	0.1548	PM_BMR_321	1	11
1	0.1548	PM_BMR_322	1	13
1	0.1548	PM_BMR_323	15	18
1	0.1548	PM_BMR_324	5	21
1	0.1548	PM_BMR_327	10	10
1	0.1548	PM_BMR_328	6	16
1	0.1548	PM_BMR_330	6	16
1	0.1548	PM_BMR_331	40	18
1	0.1548	PM_BMR_332	19	10
1	0.1548	PM_BMR_334	16	18
1	0.1548	PM_BMR_336	8	10
1	0.1548	PM_BMR_342	8	10
1	0.1548	PM_BMR_344	10	10
1	0.1548	PM_BMR_345	6	16
1	0.1548	PM_BMR_346	10	10
1	0.1548	PM_BMR_347	8	10
1	0.1548	PM_BMR_348	4	4
1	0.1548	PM_BMR_349	5	10
1	0.1548	PM_BMR_350	6	16
1	0.1548	PM_BMR_351	8	10
1	0.1548	PM_BMR_352	6	16
1	0.1548	PM_BMR_353	10	10
1	0.1548	PM_BMR_354	1	11
1	0.1548	PM_BMR_355	19	10
1	0.1548	PM_BMR_356	6	16
1	0.1548	PM_BMR_357	17	12
1	0.1548	PM_BMR_358	8	5
1	0.1548	PM_BMR_359	19	3
1	0.1548	PM_BMR_361	4	4
1	0.1548	PM_BMR_362	4	4
1	0.1548	PM_BMR_363	1	11
1	0.1548	PM_BMR_364	1	11
1	0.1548	PM_BMR_365	19	3
1	0.1548	PM_BMR_366	18	17
1	0.1548	PM_BMR_367	6	16
1	0.1548	PM_BMR_369	1	11
1	0.1548	PM_BMR_370	6	6
1	0.1548	PM_BMR_372	4	4
1	0.1548	PM_BMR_376	9	21
1	0.1548	PM_BMR_377	40	18
1	0.1548	PM_BMR_378	1	11
1	0.1548	PM_BMR_379	5	14
1	0.1548	PM_BMR_383	19	10
1	0.1548	PM_BMR_384	40	18
1	0.1548	PM_BMR_385	8	10
1	0.1548	PM_BMR_386	40	18
1	0.1548	PM_BMR_387	8	10
1	0.1548	PM_BMR_389	19	3
1	0.1548	PM_BMR_390	5	21
1	0.1548	PM_BMR_391	1	11
1	0.1548	PM_BMR_392	1	11
1	0.1548	PM_BMR_393	6	16
1	0.1548	PM_BMR_394	1	13
1	0.1548	PM_BMR_395	5	14
1	0.1548	PM_BMR_396	1	11
1	0.1548	PM_BMR_397	8	10
1	0.1548	PM_BMR_398	10	10
1	0.1548	PM_BMR_399	17	12
1	0.1548	PM_BMR_400	6	16
1	0.1548	PM_BMR_401	1	11
1	0.1548	PM_BMR_402	16	3
1	0.1548	PM_BMR_403	11	12
1	0.1548	PM_BMR_405	1	11
1	0.1548	PM_BMR_407	6	16
1	0.1548	PM_BMR_408	19	3
1	0.1548	PM_BMR_409	5	14
1	0.1548	PM_BMR_410	5	14
1	0.1548	PM_BMR_412	16	18
1	0.1548	PM_BMR_414	19	3
1	0.1548	PM_BMR_416	9	5
1	0.1548	PM_BMR_417	1	13
1	0.1548	PM_BMR_420	1	11
1	0.1548	PM_BMR_421	6	16
1	0.1548	PM_BMR_423	1	11
1	0.1548	PM_BMR_427	4	4
1	0.1548	PM_BMR_428	16	18
1	0.1548	PM_BMR_429	1	13
1	0.1548	PM_BMR_432	1	11
1	0.1548	PM_BMR_433	1	11
1	0.1548	PM_BMR_434	10	10
1	0.1548	PM_BMR_435	10	10
1	0.1548	PM_BMR_438	10	10
1	0.1548	PM_BMR_441	8	10
1	0.1548	PM_BMR_442	6	16
1	0.1548	PM_BMR_443	4	4
1	0.1548	PM_BMR_444	6	6
1	0.1548	PM_BMR_445	1	11
1	0.1548	PM_BMR_446	19	3
1	0.1548	PM_BMR_447	1	11
1	0.1548	PM_BMR_448	12	4
1	0.1548	PM_BMR_449	1	20
1	0.1548	PM_BMR_450	6	25
1	0.1548	PM_BMR_451	10	10
1	0.1548	PM_BMR_452	15	17
1	0.1548	PM_BMR_453	8	20
1	0.1548	PM_BMR_455	12	4
1	0.1548	PM_BMR_456	5	5
1	0.1548	PM_BMR_457	8	10
1	0.1548	PM_BMR_458	6	25
1	0.1548	PM_BMR_459	1	11
1	0.1548	PM_BMR_460	15	17
1	0.1548	PM_BMR_461	15	17
1	0.1548	PM_BMR_462	17	19
1	0.1548	PM_BMR_463	1	11
1	0.1548	PM_BMR_464	8	10
1	0.1548	PM_BMR_465	4	4
1	0.1548	PM_BMR_466	9	5
1	0.1548	PM_BMR_467	16	18
1	0.1548	PM_BMR_468	4	4
1	0.1548	PM_BMR_469	6	16
1	0.1548	PM_BMR_470	1	11
1	0.1548	PM_BMR_471	1	11
1	0.1548	PM_BMR_473	15	17
1	0.1548	PM_BMR_474	10	10
1	0.1548	PM_BMR_475	19	3
1	0.1548	PM_BMR_476	17	12
1	0.1548	PM_BMR_477	1	11
1	0.1548	PM_BMR_479	15	17
1	0.1548	PM_BMR_480	10	10
1	0.1548	PM_BMR_481	9	21
1	0.1548	PM_BMR_483	19	10
1	0.1548	PM_BMR_484	16	18
1	0.1548	PM_BMR_485	1	11
1	0.1548	PM_BMR_486	8	10
1	0.1548	PM_BMR_487	4	4
1	0.1548	PM_BMR_488	6	16
1	0.1548	PM_BMR_489	1	11
1	0.1548	PM_BMR_490	8	10
1	0.1548	PM_BMR_491	1	13
1	0.1548	PM_BMR_492	17	12
1	0.1548	PM_BMR_493	6	25
1	0.1548	PM_BMR_494	6	16
1	0.1548	PM_BMR_496	11	12
1	0.1548	PM_BMR_497	4	4
1	0.1548	PM_BMR_500	5	10
1	0.1548	PM_BMR_502	1	11
1	0.1548	PM_BMR_505	1	20
1	0.1548	PM_BMR_507	1	20
1	0.1548	PM_BMR_508	10	10
1	0.1548	PM_BMR_509	6	16
1	0.1548	PM_BMR_510	1	11
1	0.1548	PM_BMR_511	15	17
1	0.1548	PM_BMR_514	11	12
1	0.1548	PM_BMR_515	9	5
1	0.1548	PM_BMR_517	1	11
1	0.1548	PM_BMR_518	1	11
1	0.1548	PM_BMR_519	4	4
1	0.1548	PM_BMR_520	9	5
1	0.1548	PM_BMR_521	4	4
1	0.1548	PM_BMR_523	4	4
1	0.1548	PM_BMR_524	9	5
1	0.1548	PM_BMR_525	8	10
1	0.1548	PM_BMR_527	10	10
1	0.1548	PM_BMR_528	1	11
1	0.1548	PM_BMR_532	15	18
1	0.1548	PM_BMR_534	1	11
1	0.1548	PM_BMR_535	11	12
1	0.1548	PM_BMR_536	4	4
1	0.1548	PM_BMR_537	4	4
1	0.1548	PM_BMR_538	5	10
1	0.1548	PM_BMR_539	8	10
1	0.1548	PM_BMR_540	5	21
1	0.1548	PM_BMR_542	4	4
1	0.1548	PM_BMR_543	6	16
1	0.1548	PM_BMR_544	4	4
1	0.1548	PM_BMR_545	6	16
1	0.1548	PM_BMR_546	6	16
1	0.1548	PM_BMR_547	19	10
1	0.1548	PM_BMR_548	12	4
1	0.1548	PM_BMR_550	1	11
1	0.1548	PM_BMR_551	10	10
1	0.1548	PM_BMR_553	1	20
1	0.1548	PM_BMR_555	1	11
1	0.1548	PM_BMR_556	1	20
1	0.1548	PM_BMR_559	1	20
1	0.1548	PM_BMR_561	1	11
1	0.1548	PM_BMR_562	4	4
1	0.1548	PM_BMR_563	1	11
1	0.1548	PM_BMR_564	41	11
1	0.1548	PM_BMR_565	6	16
1	0.1548	PM_BMR_568	8	10
1	0.1548	PM_BMR_569	6	16
1	0.1548	PM_BMR_570	4	4
1	0.1548	PM_BMR_571	17	12
1	0.1548	PM_BMR_572	9	21
1	0.1548	PM_BMR_573	19	3
1	0.1548	PM_BMR_574	1	11
1	0.1548	PM_BMR_575	10	10
1	0.1548	PM_BMR_576	6	16
1	0.1548	PM_BMR_577	8	10
1	0.1548	PM_BMR_578	6	16
1	0.1548	PM_BMR_579	1	11
1	0.1548	PM_BMR_580	4	4
1	0.1548	PM_BMR_581	19	3
1	0.1548	PM_BMR_582	4	4
1	0.1548	PM_BMR_583	4	4
1	0.1548	PM_BMR_584	1	11
1	0.1548	PM_BMR_585	1	11
1	0.1548	PM_BMR_586	1	11
1	0.1548	PM_BMR_587	6	16
1	0.1548	PM_BMR_589	4	4
1	0.1548	PM_BMR_590	19	10
1	0.1548	PM_BMR_591	1	11
1	0.1548	PM_BMR_592	6	6
1	0.1548	PM_BMR_594	4	4
1	0.1548	PM_BMR_595	9	21
1	0.1548	PM_BMR_596	17	12
1	0.1548	PM_BMR_597	4	4
1	0.1548	PM_BMR_598	8	20
1	0.1548	PM_BMR_599	10	10
1	0.1548	PM_BMR_601	1	13
1	0.1548	PM_BMR_602	4	4
1	0.1548	PM_BMR_604	4	4
1	0.1548	PM_BMR_605	4	4
1	0.1548	PM_BMR_607	1	13
1	0.1548	PM_BMR_608	1	11
1	0.1548	PM_BMR_609	19	10
1	0.1548	PM_BMR_610	38	17
1	0.1548	PM_BMR_611	34	27
1	0.1548	PM_BMR_613	25	24
1	0.1548	PM_BMR_614	16	18
1	0.1548	PM_BMR_615	15	17
1	0.1548	PM_BMR_616	30	17
1	0.1548	PM_BMR_618	35	34
1	0.1548	PM_BMR_620	31	25
1	0.1548	PM_BMR_621	41	6
1	0.1548	PM_BMR_623	25	24
1	0.1548	PM_BMR_625	34	31
1	0.1548	PM_BMR_626	31	25
1	0.1548	PM_BMR_627	30	17
1	0.1548	PM_BMR_629	1	11
1	0.1548	PM_BMR_630	4	4
1	0.1548	PM_BMR_631	28	17
1	0.1548	PM_BMR_632	11	12
1	0.1548	PM_BMR_633	11	12
1	0.1548	PM_BMR_634	30	17
1	0.1548	PM_BMR_637	27	12
1	0.1548	PM_BMR_638	28	17
1	0.1548	PM_BMR_640	23	23
1	0.1548	PM_BMR_642	25	24
1	0.1548	PM_BMR_644	31	25
1	0.1548	PM_BMR_645	33	25
1	0.1548	PM_BMR_646	9	21
1	0.1548	PM_BMR_648	27	12
1	0.1548	PM_BMR_651	25	24
1	0.1548	PM_BMR_652	35	25
1	0.1548	PM_BMR_653	33	25
1	0.1548	PM_BMR_654	12	32
1	0.1548	PM_BMR_656	1	20
1	0.1548	PM_BMR_657	6	6
1	0.1548	PM_BMR_658	28	17
1	0.1548	PM_BMR_659	9	5
1	0.1548	PM_BMR_660	30	17
1	0.1548	PM_BMR_661	26	23
1	0.1548	PM_BMR_662	31	29
1	0.1548	PM_BMR_663	44	29
1	0.1548	PM_BMR_664	45	33
1	0.1548	PM_BMR_666	28	17
1	0.1548	PM_BMR_667	24	24
1	0.1548	PM_BMR_668	4	4
1	0.1548	PM_BMR_669	31	25
1	0.1548	PM_BMR_670	34	33
1	0.1548	PM_BMR_672	29	46
1	0.1548	PM_BMR_673	48	19
1	0.1548	PM_BMR_675	33	27
1	0.1548	PM_BMR_676	27	12
1	0.1548	PM_BMR_693	15	17
1	0.1548	PM_BMR_694	15	17
1	0.1548	PM_BMR_695	17	12
1	0.1548	PM_BMR_696	6	6
1	0.1548	PM_BMR_698	11	12
1	0.1548	PM_BMR_699	1	11
1	0.1548	PM_BMR_700	34	31
1	0.1548	PM_BMR_701	12	4
1	0.1548	PM_BMR_702	1	11
1	0.1548	PM_BMR_703	1	11
1	0.1548	PM_BMR_704	4	4
1	0.1548	PM_BMR_705	4	4
1	0.1548	PM_BMR_707	19	10
1	0.1548	PM_BMR_709	15	18
1	0.1548	PM_BMR_711	10	10
1	0.1548	PM_BMR_712	9	5
1	0.1548	PM_BMR_715	6	25
1	0.1548	PM_BMR_717	8	10
1	0.1548	PM_BMR_719	1	11
1	0.1548	PM_BMR_721	11	12
1	0.1548	PM_BMR_722	16	3
1	0.1548	PM_BMR_723	19	10
1	0.1548	PM_BMR_724	10	10
1	0.1548	PM_BMR_725	15	17
1	0.1548	PM_BMR_726	8	10
1	0.1548	PM_BMR_727	10	10
1	0.1548	PM_BMR_728	16	18
1	0.1548	PM_BMR_729	1	11
1	0.1548	PM_BMR_730	8	10
1	0.1548	PM_BMR_731	40	49
1	0.1548	PM_BMR_733	40	18
1	0.1548	PM_BMR_734	10	10
1	0.1548	PM_BMR_736	15	17
1	0.1548	PM_BMR_737	19	10
1	0.1548	PM_BMR_738	10	10
1	0.1548	PM_BMR_739	16	3
1	0.1548	PM_BMR_741	1	20
1	0.1548	PM_BMR_742	8	10
1	0.1548	PM_BMR_743	16	18
1	0.1548	PM_BMR_744	1	13
1	0.1548	PM_BMR_745	10	10
1	0.1548	PM_BMR_746	5	10
1	0.1548	PM_BMR_750	9	21
1	0.1548	PM_BMR_751	1	13
1	0.1548	PM_BMR_752	1	11
1	0.1548	PM_BMR_755	8	10
1	0.1548	PM_BMR_757	11	12
1	0.1548	PM_BMR_758	6	25
1	0.1548	PM_BMR_759	15	18
1	0.1548	PM_BMR_761	17	19
1	0.1548	PM_BMR_762	10	10
1	0.1548	PM_BMR_764	6	6
1	0.1548	PM_BMR_765	16	18
1	0.1548	PM_BMR_766	5	14
1	0.1548	PM_BMR_770	1	11
1	0.1548	PM_BMR_772	16	18
1	0.1548	PM_BMR_773	5	14
1	0.1548	PM_BMR_775	8	10
1	0.1548	PM_BMR_777	10	10
1	0.1548	PM_BMR_779	1	11
1	0.1548	PM_BMR_780	1	11
1	0.1548	PM_BMR_781	40	18
1	0.1548	PM_BMR_782	19	10
1	0.1548	PM_BMR_783	1	11
1	0.1548	PM_BMR_786	15	18
1	0.1548	PM_BMR_788	10	10
1	0.1548	PM_BMR_789	6	16
1	0.1548	PM_BMR_790	10	10
1	0.1548	PM_BMR_791	8	10
1	0.1548	PM_BMR_792	40	18
1	0.1548	PM_BMR_793	11	12
1	0.1548	PM_BMR_794	1	13
1	0.1548	PM_BMR_796	19	10
1	0.1548	PM_BMR_800	16	18
1	0.1548	PM_BMR_804	6	16
1	0.1548	PM_BMR_807	1	11
1	0.1548	PM_BMR_808	6	6
1	0.1548	PM_BMR_809	15	18
1	0.1548	PM_BMR_811	41	11
1	0.1548	PM_BMR_812	8	50
1	0.1548	PM_BMR_813	11	12
1	0.1548	PM_BMR_814	16	3
1	0.1548	PM_BMR_815	4	4
1	0.1548	PM_BMR_817	1	11
1	0.1548	PM_BMR_818	11	12
1	0.1548	PM_BMR_819	19	10
1	0.1548	PM_BMR_820	4	4
1	0.1548	PM_BMR_822	8	10
1	0.1548	PM_BMR_824	1	11
1	0.1548	PM_BMR_825	1	11
1	0.1548	PM_BMR_826	5	14
1	0.1548	PM_BMR_827	12	4
1	0.1548	PM_BMR_828	4	4
1	0.1548	PM_BMR_830	1	11
1	0.1548	PM_BMR_831	8	20
1	0.1548	PM_BMR_832	1	13
1	0.1548	PM_BMR_833	6	16
1	0.1548	PM_BMR_834	4	4
1	0.1548	PM_BMR_836	4	4
1	0.1548	PM_BMR_837	16	3
1	0.1548	PM_BMR_839	1	11
1	0.1548	PM_BMR_840	15	17
1	0.1548	PM_BMR_841	16	3
1	0.1548	PM_BMR_842	1	11
1	0.1548	PM_BMR_843	5	14
1	0.1548	PM_BMR_844	1	13
1	0.1548	PM_BMR_845	1	20
1	0.1548	PM_BMR_847	4	4
1	0.1548	PM_BMR_848	1	11
1	0.1548	PM_BMR_849	19	3
1	0.1548	PM_BMR_850	6	16
1	0.1548	PM_BMR_852	1	11
1	0.1548	PM_BMR_853	10	10
1	0.1548	PM_BMR_854	1	11
1	0.1548	PM_BMR_855	15	17
1	0.1548	PM_BMR_857	1	11
1	0.1548	PM_BMR_858	1	11
1	0.1548	PM_BMR_859	12	4
1	0.1548	PM_BMR_860	4	4
1	0.1548	PM_BMR_862	15	17
1	0.1548	PM_BMR_865	4	4
1	0.1548	PM_BMR_866	40	49
1	0.1548	PM_BMR_868	4	4
1	0.1548	PM_BMR_869	4	4
1	0.1548	PM_BMR_870	15	18
1	0.1548	PM_BMR_872	10	10
1	0.1548	PM_BMR_874	1	13
1	0.1548	PM_BMR_875	1	11
1	0.1548	PM_BMR_876	4	4
1	0.1548	PM_BMR_877	1	11
1	0.1548	PM_BMR_878	4	4
1	0.1548	PM_BMR_880	15	17
1	0.1548	PM_BMR_882	9	5
1	0.1548	PM_BMR_883	1	11
1	0.1548	PM_BMR_884	31	25
1	0.1548	PM_BMR_885	19	10
1	0.1548	PM_BMR_886	16	18
1	0.1548	PM_BMR_888	1	11
1	0.1548	PM_BMR_889	1	11
1	0.1548	PM_BMR_890	6	6
1	0.1548	PM_BMR_891	8	10
1	0.1548	PM_BMR_892	4	4
1	0.1548	PM_BMR_893	1	20
1	0.1548	PM_BMR_894	4	4
1	0.1548	PM_BMR_895	1	11
1	0.1548	PM_BMR_896	16	3
1	0.1548	PM_BMR_897	8	20
1	0.1548	PM_BMR_899	9	5
1	0.1548	PM_BMR_900	1	11
1	0.1548	PM_BMR_901	11	12
1	0.1548	PM_BMR_902	15	17
1	0.1548	PM_BMR_903	5	5
1	0.1548	PM_BMR_904	4	4
1	0.1548	PM_BMR_905	8	20
1	0.1548	PM_BMR_907	48	19
1	0.1548	PM_BMR_911	19	3
1	0.1548	PM_BMR_912	6	25
1	0.1548	PM_BMR_913	19	3
1	0.1548	PM_BMR_914	8	10
1	0.1548	PM_BMR_916	6	16
1	0.1548	PM_BMR_919	1	11
1	0.1548	PM_BMR_920	10	10
1	0.1548	PM_BMR_921	4	4
1	0.1548	PM_BMR_922	4	4
1	0.1548	PM_BMR_923	15	4
1	0.1548	PM_BMR_925	4	4
1	0.1548	PM_BMR_926	4	4
1	0.1548	PM_BMR_927	1	11
1	0.1548	PM_BMR_928	9	21
1	0.1548	PM_BMR_929	1	13
1	0.1548	PM_BMR_931	11	12
1	0.1548	PM_BMR_934	4	4
1	0.1548	PM_BMR_935	1	20
1	0.1548	PM_BMR_937	31	25
1	0.1548	PM_BMR_938	19	10
1	0.1548	PM_BMR_939	4	4
1	0.1548	PM_BMR_940	5	5
1	0.1548	PM_BMR_941	15	17
1	0.1548	PM_BMR_942	6	16
1	0.1548	PM_BMR_943	8	10
1	0.1548	PM_BMR_944	11	12
1	0.1548	PM_BMR_946	6	16
1	0.1548	PM_BMR_947	9	21
1	0.1548	PM_BMR_948	6	16
1	0.1548	PM_BMR_949	8	10
1	0.1548	PM_BMR_950	11	12
1	0.1548	PM_BMR_951	5	5
1	0.1548	PM_BMR_952	19	10
1	0.1548	PM_BMR_954	6	16
1	0.1548	PM_BMR_955	8	10
1	0.1548	PM_BMR_957	10	10
1	0.1548	PM_BMR_958	1	13
1	0.1548	PM_BMR_959	5	5
1	0.1548	PM_BMR_960	1	11
1	0.1548	PM_BMR_961	11	12
1	0.1548	PM_BMR_963	31	25
1	0.1548	PM_BMR_966	1	11
1	0.1548	PM_BMR_967	6	16
1	0.1548	PM_BMR_968	1	11
1	0.1548	PM_BMR_969	6	16
1	0.1548	PM_BMR_970	1	11
1	0.1548	PM_BMR_972	16	18
1	0.1548	PM_BMR_973	19	10
1	0.1548	PM_BMR_974	16	18
1	0.1548	PM_BMR_975	6	16
1	0.1548	PM_BMR_976	17	12
1	0.1548	PM_BMR_977	19	10
1	0.1548	PM_BMR_978	10	10
1	0.1548	PM_BMR_979	1	13
1	0.1548	PM_BMR_980	8	10
1	0.1548	PM_BMR_981	16	3
1	0.1548	PM_BMR_983	11	12
1	0.1548	PM_BMR_984	8	10
1	0.1548	PM_BMR_985	1	13
1	0.1548	PM_BMR_986	10	10
1	0.1548	PM_BMR_987	10	10
1	0.1548	PM_BMR_988	1	11
1	0.1548	PM_BMR_989	8	20
1	0.1548	PM_BMR_990	4	4
1	0.1548	PM_BMR_991	10	10
1	0.1548	PM_BMR_992	15	18
1	0.1548	PM_BMR_993	4	4
1	0.1548	PM_BMR_996	11	12
1	0.1548	PM_BMR_998	8	10
1	0.1548	PM_BMR_999	4	4
2	0.5768	PM_BMR_017	2	2
2	0.5768	PM_BMR_022	7	7
2	0.5768	PM_BMR_028	2	7
2	0.5768	PM_BMR_035	2	7
2	0.5768	PM_BMR_046	13	7
2	0.5768	PM_BMR_050	7	7
2	0.5768	PM_BMR_064	2	7
2	0.5768	PM_BMR_067	7	7
2	0.5768	PM_BMR_088	7	7
2	0.5768	PM_BMR_092	7	7
2	0.5768	PM_BMR_098	7	7
2	0.5768	PM_BMR_100	2	7
2	0.5768	PM_BMR_1000	21	7
2	0.5768	PM_BMR_1002	2	7
2	0.5768	PM_BMR_1003	13	7
2	0.5768	PM_BMR_1004	2	7
2	0.5768	PM_BMR_1006	2	7
2	0.5768	PM_BMR_1008	7	7
2	0.5768	PM_BMR_1010	21	7
2	0.5768	PM_BMR_1013	2	7
2	0.5768	PM_BMR_1019	7	7
2	0.5768	PM_BMR_1020	7	7
2	0.5768	PM_BMR_1024	2	7
2	0.5768	PM_BMR_1026	2	7
2	0.5768	PM_BMR_1034	2	7
2	0.5768	PM_BMR_1038	13	7
2	0.5768	PM_BMR_1044	2	7
2	0.5768	PM_BMR_1046	2	7
2	0.5768	PM_BMR_1050	2	7
2	0.5768	PM_BMR_107	2	7
2	0.5768	PM_BMR_112	7	7
2	0.5768	PM_BMR_114	7	7
2	0.5768	PM_BMR_120	2	7
2	0.5768	PM_BMR_125	2	7
2	0.5768	PM_BMR_128	13	7
2	0.5768	PM_BMR_223	2	7
2	0.5768	PM_BMR_244	2	7
2	0.5768	PM_BMR_265	13	40
2	0.5768	PM_BMR_277	7	7
2	0.5768	PM_BMR_325	2	7
2	0.5768	PM_BMR_326	2	7
2	0.5768	PM_BMR_329	13	7
2	0.5768	PM_BMR_333	2	7
2	0.5768	PM_BMR_335	2	7
2	0.5768	PM_BMR_337	2	7
2	0.5768	PM_BMR_338	2	7
2	0.5768	PM_BMR_339	21	7
2	0.5768	PM_BMR_340	2	7
2	0.5768	PM_BMR_341	13	7
2	0.5768	PM_BMR_343	2	7
2	0.5768	PM_BMR_360	2	7
2	0.5768	PM_BMR_368	2	7
2	0.5768	PM_BMR_371	2	7
2	0.5768	PM_BMR_373	2	7
2	0.5768	PM_BMR_375	2	7
2	0.5768	PM_BMR_380	21	7
2	0.5768	PM_BMR_381	7	7
2	0.5768	PM_BMR_382	13	7
2	0.5768	PM_BMR_406	2	7
2	0.5768	PM_BMR_411	13	7
2	0.5768	PM_BMR_413	2	7
2	0.5768	PM_BMR_415	2	7
2	0.5768	PM_BMR_418	2	7
2	0.5768	PM_BMR_419	2	7
2	0.5768	PM_BMR_426	7	7
2	0.5768	PM_BMR_430	2	7
2	0.5768	PM_BMR_431	7	7
2	0.5768	PM_BMR_436	2	7
2	0.5768	PM_BMR_437	13	7
2	0.5768	PM_BMR_439	7	7
2	0.5768	PM_BMR_440	7	7
2	0.5768	PM_BMR_454	7	7
2	0.5768	PM_BMR_472	13	7
2	0.5768	PM_BMR_478	13	7
2	0.5768	PM_BMR_482	13	7
2	0.5768	PM_BMR_495	2	7
2	0.5768	PM_BMR_499	21	7
2	0.5768	PM_BMR_501	2	7
2	0.5768	PM_BMR_503	2	7
2	0.5768	PM_BMR_506	2	7
2	0.5768	PM_BMR_512	2	7
2	0.5768	PM_BMR_513	13	7
2	0.5768	PM_BMR_522	7	7
2	0.5768	PM_BMR_526	7	7
2	0.5768	PM_BMR_529	7	7
2	0.5768	PM_BMR_533	2	7
2	0.5768	PM_BMR_549	2	7
2	0.5768	PM_BMR_552	2	7
2	0.5768	PM_BMR_554	2	7
2	0.5768	PM_BMR_557	13	7
2	0.5768	PM_BMR_558	2	7
2	0.5768	PM_BMR_560	13	7
2	0.5768	PM_BMR_566	2	7
2	0.5768	PM_BMR_567	2	7
2	0.5768	PM_BMR_588	2	7
2	0.5768	PM_BMR_593	7	7
2	0.5768	PM_BMR_600	2	7
2	0.5768	PM_BMR_603	13	7
2	0.5768	PM_BMR_606	13	7
2	0.5768	PM_BMR_622	2	7
2	0.5768	PM_BMR_649	2	7
2	0.5768	PM_BMR_697	7	7
2	0.5768	PM_BMR_706	2	7
2	0.5768	PM_BMR_708	13	7
2	0.5768	PM_BMR_710	13	7
2	0.5768	PM_BMR_713	2	7
2	0.5768	PM_BMR_714	2	7
2	0.5768	PM_BMR_716	13	7
2	0.5768	PM_BMR_720	13	7
2	0.5768	PM_BMR_732	2	7
2	0.5768	PM_BMR_735	13	7
2	0.5768	PM_BMR_740	2	7
2	0.5768	PM_BMR_747	2	7
2	0.5768	PM_BMR_748	13	7
2	0.5768	PM_BMR_749	2	7
2	0.5768	PM_BMR_753	13	7
2	0.5768	PM_BMR_754	2	7
2	0.5768	PM_BMR_756	2	7
2	0.5768	PM_BMR_760	2	7
2	0.5768	PM_BMR_763	2	7
2	0.5768	PM_BMR_767	51	7
2	0.5768	PM_BMR_768	13	7
2	0.5768	PM_BMR_769	13	7
2	0.5768	PM_BMR_771	2	7
2	0.5768	PM_BMR_774	2	7
2	0.5768	PM_BMR_776	13	7
2	0.5768	PM_BMR_778	7	7
2	0.5768	PM_BMR_784	2	7
2	0.5768	PM_BMR_785	13	7
2	0.5768	PM_BMR_787	13	7
2	0.5768	PM_BMR_795	2	7
2	0.5768	PM_BMR_801	7	7
2	0.5768	PM_BMR_802	7	7
2	0.5768	PM_BMR_806	2	7
2	0.5768	PM_BMR_810	13	7
2	0.5768	PM_BMR_816	13	7
2	0.5768	PM_BMR_838	2	7
2	0.5768	PM_BMR_846	7	7
2	0.5768	PM_BMR_851	7	7
2	0.5768	PM_BMR_856	2	7
2	0.5768	PM_BMR_863	13	7
2	0.5768	PM_BMR_864	7	7
2	0.5768	PM_BMR_867	13	7
2	0.5768	PM_BMR_873	2	7
2	0.5768	PM_BMR_879	7	7
2	0.5768	PM_BMR_881	7	7
2	0.5768	PM_BMR_887	13	7
2	0.5768	PM_BMR_898	7	7
2	0.5768	PM_BMR_906	7	7
2	0.5768	PM_BMR_908	7	7
2	0.5768	PM_BMR_909	7	7
2	0.5768	PM_BMR_915	2	7
2	0.5768	PM_BMR_917	13	7
2	0.5768	PM_BMR_918	2	7
2	0.5768	PM_BMR_924	13	7
2	0.5768	PM_BMR_932	13	7
2	0.5768	PM_BMR_964	13	7
2	0.5768	PM_BMR_965	2	7
2	0.5768	PM_BMR_982	2	7
2	0.5768	PM_BMR_994	13	7
2	0.5768	PM_BMR_997	7	7
3	0.9987	PM_BMR_048	14	15
3	0.9987	PM_BMR_052	14	15
3	0.9987	PM_BMR_087	14	15
3	0.9987	PM_BMR_091	14	15
3	0.9987	PM_BMR_1030	14	15
3	0.9987	PM_BMR_1041	14	15
3	0.9987	PM_BMR_108	14	15
3	0.9987	PM_BMR_123	14	15
3	0.9987	PM_BMR_127	14	15
3	0.9987	PM_BMR_129	14	15
3	0.9987	PM_BMR_150	14	15
3	0.9987	PM_BMR_152	14	15
3	0.9987	PM_BMR_158	14	15
3	0.9987	PM_BMR_186	14	15
3	0.9987	PM_BMR_199	14	15
3	0.9987	PM_BMR_227	14	15
3	0.9987	PM_BMR_243	14	15
3	0.9987	PM_BMR_255	14	15
3	0.9987	PM_BMR_263	14	15
3	0.9987	PM_BMR_272	14	15
3	0.9987	PM_BMR_289	14	15
3	0.9987	PM_BMR_294	14	15
3	0.9987	PM_BMR_308	14	15
3	0.9987	PM_BMR_314	14	15
3	0.9987	PM_BMR_319	14	15
3	0.9987	PM_BMR_374	14	15
3	0.9987	PM_BMR_388	14	15
3	0.9987	PM_BMR_422	14	15
3	0.9987	PM_BMR_424	14	15
3	0.9987	PM_BMR_425	14	15
3	0.9987	PM_BMR_498	14	15
3	0.9987	PM_BMR_504	14	15
3	0.9987	PM_BMR_516	14	15
3	0.9987	PM_BMR_530	14	15
3	0.9987	PM_BMR_531	14	15
3	0.9987	PM_BMR_541	14	15
3	0.9987	PM_BMR_612	14	15
3	0.9987	PM_BMR_619	14	15
3	0.9987	PM_BMR_624	14	15
3	0.9987	PM_BMR_628	14	15
3	0.9987	PM_BMR_635	14	42
3	0.9987	PM_BMR_641	14	15
3	0.9987	PM_BMR_643	14	15
3	0.9987	PM_BMR_647	14	15
3	0.9987	PM_BMR_718	14	15
3	0.9987	PM_BMR_797	14	15
3	0.9987	PM_BMR_798	14	15
3	0.9987	PM_BMR_799	14	15
3	0.9987	PM_BMR_803	14	15
3	0.9987	PM_BMR_823	14	42
3	0.9987	PM_BMR_835	14	42
3	0.9987	PM_BMR_910	14	15
3	0.9987	PM_BMR_930	14	15
3	0.9987	PM_BMR_933	14	15
3	0.9987	PM_BMR_936	14	15
3	0.9987	PM_BMR_945	14	15
3	0.9987	PM_BMR_962	14	15
4	0.9543	PM_BMR_130	22	22
4	0.9543	PM_BMR_190	22	22
4	0.9543	PM_BMR_208	22	38
4	0.9543	PM_BMR_270	22	22
4	0.9543	PM_BMR_279	22	22
4	0.9543	PM_BMR_636	22	38
4	0.9543	PM_BMR_639	22	38
5	0.9939	PM_BMR_144	32	26
5	0.9939	PM_BMR_148	32	26
5	0.9939	PM_BMR_159	32	30
5	0.9939	PM_BMR_240	32	26
5	0.9939	PM_BMR_241	32	26
5	0.9939	PM_BMR_262	32	30
5	0.9939	PM_BMR_271	32	30
5	0.9939	PM_BMR_617	32	30
6	0.953	PM_BMR_180	36	35
6	0.953	PM_BMR_181	37	36
6	0.953	PM_BMR_211	36	39
6	0.953	PM_BMR_285	36	36
6	0.953	PM_BMR_293	36	36
6	0.953	PM_BMR_295	36	36
6	0.953	PM_BMR_300	36	39
6	0.953	PM_BMR_304	36	36
6	0.953	PM_BMR_315	36	36
6	0.953	PM_BMR_861	37	51
6	0.953	PM_BMR_871	37	51
6	0.953	PM_BMR_953	37	51
6	0.953	PM_BMR_995	37	51
7	0.8735	PM_BMR_317	39	41
7	0.8735	PM_BMR_650	42	41
8	0.9982	PM_BMR_655	43	43
9	0.6563	PM_BMR_665	46	44
10	0.9741	PM_BMR_671	47	45
11	0.671	PM_BMR_674	49	47
12	0.9821	PM_BMR_678	50	48