ClusterIndex	Probability	OffspringID	FatherID	MotherID
1	0.4993	PM_OCQ_001	1	1
1	0.4993	PM_OCQ_002	2	2
1	0.4993	PM_OCQ_004	4	2
1	0.4993	PM_OCQ_005	5	1
1	0.4993	PM_OCQ_006	5	2
1	0.4993	PM_OCQ_007	6	2
1	0.4993	PM_OCQ_008	7	2
1	0.4993	PM_OCQ_009	2	2
1	0.4993	PM_OCQ_010	8	2
1	0.4993	PM_OCQ_011	9	2
1	0.4993	PM_OCQ_012	10	1
1	0.4993	PM_OCQ_013	11	2
1	0.4993	PM_OCQ_014	12	2
1	0.4993	PM_OCQ_015	13	2
1	0.4993	PM_OCQ_016	14	1
1	0.4993	PM_OCQ_017	5	1
1	0.4993	PM_OCQ_018	1	1
1	0.4993	PM_OCQ_019	15	1
1	0.4993	PM_OCQ_020	2	2
1	0.4993	PM_OCQ_021	2	2
1	0.4993	PM_OCQ_022	16	2
1	0.4993	PM_OCQ_023	17	1
1	0.4993	PM_OCQ_024	1	2
1	0.4993	PM_OCQ_025	7	1
1	0.4993	PM_OCQ_026	8	1
1	0.4993	PM_OCQ_027	1	1
1	0.4993	PM_OCQ_029	4	2
1	0.4993	PM_OCQ_030	16	2
1	0.4993	PM_OCQ_031	2	1
1	0.4993	PM_OCQ_032	10	2
1	0.4993	PM_OCQ_033	16	1
1	0.4993	PM_OCQ_034	19	1
1	0.4993	PM_OCQ_035	1	2
1	0.4993	PM_OCQ_036	11	1
1	0.4993	PM_OCQ_037	14	1
1	0.4993	PM_OCQ_038	14	2
1	0.4993	PM_OCQ_039	20	1
1	0.4993	PM_OCQ_041	22	1
1	0.4993	PM_OCQ_042	13	1
1	0.4993	PM_OCQ_043	10	1
1	0.4993	PM_OCQ_044	10	2
1	0.4993	PM_OCQ_045	14	2
1	0.4993	PM_OCQ_046	20	1
1	0.4993	PM_OCQ_047	11	2
1	0.4993	PM_OCQ_048	16	1
1	0.4993	PM_OCQ_049	2	2
1	0.4993	PM_OCQ_050	6	1
1	0.4993	PM_OCQ_051	23	1
1	0.4993	PM_OCQ_053	6	2
1	0.4993	PM_OCQ_054	14	1
1	0.4993	PM_OCQ_056	13	2
1	0.4993	PM_OCQ_057	16	2
1	0.4993	PM_OCQ_058	16	2
1	0.4993	PM_OCQ_059	8	1
1	0.4993	PM_OCQ_060	9	2
1	0.4993	PM_OCQ_061	11	1
1	0.4993	PM_OCQ_062	12	1
1	0.4993	PM_OCQ_063	6	1
1	0.4993	PM_OCQ_064	11	1
1	0.4993	PM_OCQ_065	26	1
1	0.4993	PM_OCQ_066	27	1
1	0.4993	PM_OCQ_068	11	1
1	0.4993	PM_OCQ_069	2	1
1	0.4993	PM_OCQ_070	29	2
1	0.4993	PM_OCQ_073	20	2
1	0.4993	PM_OCQ_074	8	1
1	0.4993	PM_OCQ_075	11	2
1	0.4993	PM_OCQ_076	9	2
1	0.4993	PM_OCQ_077	6	1
1	0.4993	PM_OCQ_079	31	2
1	0.4993	PM_OCQ_081	10	1
1	0.4993	PM_OCQ_082	20	2
1	0.4993	PM_OCQ_083	2	2
1	0.4993	PM_OCQ_084	1	1
1	0.4993	PM_OCQ_085	11	1
1	0.4993	PM_OCQ_086	1	2
1	0.4993	PM_OCQ_087	2	1
1	0.4993	PM_OCQ_088	8	2
1	0.4993	PM_OCQ_089	23	1
1	0.4993	PM_OCQ_091	2	1
1	0.4993	PM_OCQ_092	11	2
1	0.4993	PM_OCQ_093	14	2
1	0.4993	PM_OCQ_094	20	1
1	0.4993	PM_OCQ_095	15	2
1	0.4993	PM_OCQ_097	10	2
1	0.4993	PM_OCQ_098	35	1
1	0.4993	PM_OCQ_099	14	2
1	0.4993	PM_OCQ_100	5	2
1	0.4993	PM_OCQ_101	11	2
1	0.4993	PM_OCQ_102	16	1
1	0.4993	PM_OCQ_103	29	2
1	0.4993	PM_OCQ_104	14	2
1	0.4993	PM_OCQ_105	10	1
1	0.4993	PM_OCQ_107	7	1
1	0.4993	PM_OCQ_108	2	1
1	0.4993	PM_OCQ_109	2	2
1	0.4993	PM_OCQ_110	19	2
1	0.4993	PM_OCQ_111	16	1
1	0.4993	PM_OCQ_112	5	1
1	0.4993	PM_OCQ_113	29	1
1	0.4993	PM_OCQ_114	8	2
1	0.4993	PM_OCQ_115	14	1
1	0.4993	PM_OCQ_116	37	1
1	0.4993	PM_OCQ_117	5	2
1	0.4993	PM_OCQ_118	15	1
1	0.4993	PM_OCQ_119	37	1
1	0.4993	PM_OCQ_120	4	1
1	0.4993	PM_OCQ_121	10	1
1	0.4993	PM_OCQ_122	2	2
1	0.4993	PM_OCQ_124	16	2
1	0.4993	PM_OCQ_125	5	2
1	0.4993	PM_OCQ_126	16	2
1	0.4993	PM_OCQ_127	16	1
1	0.4993	PM_OCQ_129	22	1
1	0.4993	PM_OCQ_130	15	2
1	0.4993	PM_OCQ_131	19	2
1	0.4993	PM_OCQ_132	40	2
1	0.4993	PM_OCQ_133	16	1
1	0.4993	PM_OCQ_134	1	2
1	0.4993	PM_OCQ_135	27	1
1	0.4993	PM_OCQ_136	16	2
1	0.4993	PM_OCQ_137	6	2
1	0.4993	PM_OCQ_138	2	1
1	0.4993	PM_OCQ_139	27	2
1	0.4993	PM_OCQ_140	16	2
1	0.4993	PM_OCQ_141	9	2
1	0.4993	PM_OCQ_142	11	1
1	0.4993	PM_OCQ_143	11	2
1	0.4993	PM_OCQ_144	16	2
1	0.4993	PM_OCQ_145	10	1
1	0.4993	PM_OCQ_146	41	1
1	0.4993	PM_OCQ_147	16	1
1	0.4993	PM_OCQ_148	16	1
1	0.4993	PM_OCQ_149	9	1
1	0.4993	PM_OCQ_150	11	2
1	0.4993	PM_OCQ_151	4	1
1	0.4993	PM_OCQ_152	11	2
1	0.4993	PM_OCQ_153	17	1
1	0.4993	PM_OCQ_154	14	1
1	0.4993	PM_OCQ_155	1	1
1	0.4993	PM_OCQ_156	16	2
1	0.4993	PM_OCQ_157	16	2
1	0.4993	PM_OCQ_158	10	1
1	0.4993	PM_OCQ_159	2	2
1	0.4993	PM_OCQ_160	20	1
1	0.4993	PM_OCQ_161	1	2
1	0.4993	PM_OCQ_162	1	2
1	0.4993	PM_OCQ_163	13	1
1	0.4993	PM_OCQ_164	15	2
1	0.4993	PM_OCQ_165	2	2
1	0.4993	PM_OCQ_166	14	2
1	0.4993	PM_OCQ_167	4	2
1	0.4993	PM_OCQ_168	10	2
1	0.4993	PM_OCQ_170	19	2
1	0.4993	PM_OCQ_171	22	2
1	0.4993	PM_OCQ_172	4	1
1	0.4993	PM_OCQ_173	5	2
1	0.4993	PM_OCQ_174	10	2
1	0.4993	PM_OCQ_176	11	2
1	0.4993	PM_OCQ_177	41	1
1	0.4993	PM_OCQ_178	27	1
1	0.4993	PM_OCQ_179	8	2
1	0.4993	PM_OCQ_180	16	2
1	0.4993	PM_OCQ_181	2	1
1	0.4993	PM_OCQ_182	19	2
1	0.4993	PM_OCQ_183	14	1
1	0.4993	PM_OCQ_184	2	2
1	0.4993	PM_OCQ_185	20	2
1	0.4993	PM_OCQ_186	2	1
1	0.4993	PM_OCQ_187	11	1
1	0.4993	PM_OCQ_189	8	1
1	0.4993	PM_OCQ_190	8	1
1	0.4993	PM_OCQ_191	4	1
1	0.4993	PM_OCQ_192	23	2
1	0.4993	PM_OCQ_194	14	1
1	0.4993	PM_OCQ_195	13	2
1	0.4993	PM_OCQ_196	35	2
1	0.4993	PM_OCQ_197	8	2
1	0.4993	PM_OCQ_198	35	1
1	0.4993	PM_OCQ_199	4	2
1	0.4993	PM_OCQ_200	4	1
1	0.4993	PM_OCQ_201	8	2
1	0.4993	PM_OCQ_202	4	1
1	0.4993	PM_OCQ_203	13	1
1	0.4993	PM_OCQ_205	10	1
1	0.4993	PM_OCQ_206	13	1
1	0.4993	PM_OCQ_207	5	1
1	0.4993	PM_OCQ_208	2	2
1	0.4993	PM_OCQ_209	16	1
1	0.4993	PM_OCQ_210	16	2
1	0.4993	PM_OCQ_211	37	1
1	0.4993	PM_OCQ_212	13	2
1	0.4993	PM_OCQ_213	2	2
1	0.4993	PM_OCQ_215	11	2
1	0.4993	PM_OCQ_216	2	2
1	0.4993	PM_OCQ_217	16	2
1	0.4993	PM_OCQ_218	37	1
1	0.4993	PM_OCQ_219	4	2
1	0.4993	PM_OCQ_220	9	1
1	0.4993	PM_OCQ_221	16	2
1	0.4993	PM_OCQ_222	16	2
1	0.4993	PM_OCQ_223	11	1
1	0.4993	PM_OCQ_224	29	2
1	0.4993	PM_OCQ_225	14	1
1	0.4993	PM_OCQ_226	14	2
1	0.4993	PM_OCQ_228	29	1
1	0.4993	PM_OCQ_229	2	1
1	0.4993	PM_OCQ_230	31	1
1	0.4993	PM_OCQ_231	14	2
1	0.4993	PM_OCQ_232	20	2
1	0.4993	PM_OCQ_233	11	2
1	0.4993	PM_OCQ_234	11	2
1	0.4993	PM_OCQ_235	13	2
1	0.4993	PM_OCQ_236	43	18
1	0.4993	PM_OCQ_237	43	19
1	0.4993	PM_OCQ_238	41	1
1	0.4993	PM_OCQ_239	27	1
1	0.4993	PM_OCQ_240	26	1
1	0.4993	PM_OCQ_241	27	1
1	0.4993	PM_OCQ_242	9	1
1	0.4993	PM_OCQ_243	14	2
1	0.4993	PM_OCQ_244	43	20
1	0.4993	PM_OCQ_245	2	1
1	0.4993	PM_OCQ_246	27	1
1	0.4993	PM_OCQ_247	31	1
1	0.4993	PM_OCQ_249	13	2
1	0.4993	PM_OCQ_250	2	2
1	0.4993	PM_OCQ_251	14	2
1	0.4993	PM_OCQ_252	8	2
1	0.4993	PM_OCQ_254	7	2
1	0.4993	PM_OCQ_255	14	2
1	0.4993	PM_OCQ_256	20	1
1	0.4993	PM_OCQ_258	40	2
1	0.4993	PM_OCQ_259	14	2
1	0.4993	PM_OCQ_260	1	2
1	0.4993	PM_OCQ_261	40	1
1	0.4993	PM_OCQ_262	13	2
1	0.4993	PM_OCQ_264	8	1
1	0.4993	PM_OCQ_265	16	1
1	0.4993	PM_OCQ_266	15	1
1	0.4993	PM_OCQ_267	2	2
1	0.4993	PM_OCQ_268	9	2
1	0.4993	PM_OCQ_269	2	1
1	0.4993	PM_OCQ_270	23	2
1	0.4993	PM_OCQ_271	35	1
1	0.4993	PM_OCQ_272	13	2
1	0.4993	PM_OCQ_273	20	2
1	0.4993	PM_OCQ_274	2	2
1	0.4993	PM_OCQ_275	4	2
1	0.4993	PM_OCQ_276	20	2
1	0.4993	PM_OCQ_277	13	1
1	0.4993	PM_OCQ_278	13	2
1	0.4993	PM_OCQ_280	2	1
1	0.4993	PM_OCQ_281	26	2
1	0.4993	PM_OCQ_282	27	2
1	0.4993	PM_OCQ_283	4	1
1	0.4993	PM_OCQ_284	16	2
1	0.4993	PM_OCQ_285	20	2
1	0.4993	PM_OCQ_286	22	1
1	0.4993	PM_OCQ_287	20	2
1	0.4993	PM_OCQ_288	15	2
1	0.4993	PM_OCQ_289	27	2
1	0.4993	PM_OCQ_293	40	1
1	0.4993	PM_OCQ_294	37	2
1	0.4993	PM_OCQ_296	14	2
1	0.4993	PM_OCQ_297	11	2
1	0.4993	PM_OCQ_299	41	2
1	0.4993	PM_OCQ_300	14	1
1	0.4993	PM_OCQ_301	35	1
1	0.4993	PM_OCQ_302	14	1
1	0.4993	PM_OCQ_303	29	2
1	0.4993	PM_OCQ_306	31	1
1	0.4993	PM_OCQ_307	8	1
1	0.4993	PM_OCQ_308	16	1
1	0.4993	PM_OCQ_309	26	1
1	0.4993	PM_OCQ_310	17	1
1	0.4993	PM_OCQ_311	5	1
1	0.4993	PM_OCQ_313	11	1
1	0.4993	PM_OCQ_314	20	1
1	0.4993	PM_OCQ_317	1	1
1	0.4993	PM_OCQ_318	8	2
1	0.4993	PM_OCQ_319	15	1
1	0.4993	PM_OCQ_320	13	1
1	0.4993	PM_OCQ_321	11	1
1	0.4993	PM_OCQ_322	41	2
1	0.4993	PM_OCQ_323	8	2
1	0.4993	PM_OCQ_324	13	1
1	0.4993	PM_OCQ_325	8	1
1	0.4993	PM_OCQ_326	14	1
1	0.4993	PM_OCQ_327	17	2
1	0.4993	PM_OCQ_328	1	1
1	0.4993	PM_OCQ_329	11	1
1	0.4993	PM_OCQ_330	1	2
1	0.4993	PM_OCQ_331	23	1
1	0.4993	PM_OCQ_332	14	2
1	0.4993	PM_OCQ_333	6	1
1	0.4993	PM_OCQ_334	16	2
1	0.4993	PM_OCQ_335	1	1
1	0.4993	PM_OCQ_336	16	1
1	0.4993	PM_OCQ_337	13	1
1	0.4993	PM_OCQ_339	20	2
1	0.4993	PM_OCQ_342	20	2
1	0.4993	PM_OCQ_343	16	2
1	0.4993	PM_OCQ_344	27	2
1	0.4993	PM_OCQ_345	16	1
1	0.4993	PM_OCQ_346	23	1
1	0.4993	PM_OCQ_347	15	1
1	0.4993	PM_OCQ_348	11	1
1	0.4993	PM_OCQ_349	20	1
1	0.4993	PM_OCQ_351	31	2
1	0.4993	PM_OCQ_352	20	1
1	0.4993	PM_OCQ_353	20	2
1	0.4993	PM_OCQ_354	10	2
1	0.4993	PM_OCQ_355	13	1
1	0.4993	PM_OCQ_356	6	1
1	0.4993	PM_OCQ_357	20	2
1	0.4993	PM_OCQ_358	10	2
1	0.4993	PM_OCQ_359	2	1
1	0.4993	PM_OCQ_360	15	1
1	0.4993	PM_OCQ_361	10	1
1	0.4993	PM_OCQ_362	13	2
1	0.4993	PM_OCQ_363	8	2
1	0.4993	PM_OCQ_364	43	19
1	0.4993	PM_OCQ_365	11	1
1	0.4993	PM_OCQ_366	15	1
1	0.4993	PM_OCQ_367	20	2
1	0.4993	PM_OCQ_368	20	1
1	0.4993	PM_OCQ_369	26	2
1	0.4993	PM_OCQ_370	16	2
1	0.4993	PM_OCQ_371	15	2
1	0.4993	PM_OCQ_372	6	2
1	0.4993	PM_OCQ_374	2	2
1	0.4993	PM_OCQ_375	2	1
1	0.4993	PM_OCQ_376	40	2
1	0.4993	PM_OCQ_377	14	1
1	0.4993	PM_OCQ_378	10	1
1	0.4993	PM_OCQ_379	16	2
1	0.4993	PM_OCQ_380	2	1
1	0.4993	PM_OCQ_381	8	1
1	0.4993	PM_OCQ_382	11	2
1	0.4993	PM_OCQ_383	2	2
1	0.4993	PM_OCQ_385	5	26
1	0.4993	PM_OCQ_386	16	27
1	0.4993	PM_OCQ_387	2	2
1	0.4993	PM_OCQ_388	13	1
1	0.4993	PM_OCQ_389	11	1
1	0.4993	PM_OCQ_390	20	2
1	0.4993	PM_OCQ_393	1	28
1	0.4993	PM_OCQ_394	43	27
1	0.4993	PM_OCQ_395	31	1
1	0.4993	PM_OCQ_396	29	1
2	0.9228	PM_OCQ_003	3	3
3	0.5801	PM_OCQ_028	18	4
3	0.5801	PM_OCQ_291	18	4
3	0.5801	PM_OCQ_316	18	4
4	0.2744	PM_OCQ_040	21	5
4	0.2744	PM_OCQ_071	21	5
5	0.931	PM_OCQ_052	24	6
5	0.931	PM_OCQ_227	24	6
6	0.9652	PM_OCQ_055	25	7
6	0.9652	PM_OCQ_350	25	7
7	0.8141	PM_OCQ_067	28	8
7	0.8141	PM_OCQ_188	28	17
8	0.9728	PM_OCQ_078	30	9
8	0.9728	PM_OCQ_175	30	9
8	0.9728	PM_OCQ_204	30	9
9	0.9114	PM_OCQ_080	32	10
9	0.9114	PM_OCQ_257	45	10
10	0.9582	PM_OCQ_090	33	11
10	0.9582	PM_OCQ_214	33	11
10	0.9582	PM_OCQ_248	33	11
10	0.9582	PM_OCQ_263	46	11
10	0.9582	PM_OCQ_341	33	11
10	0.9582	PM_OCQ_384	33	11
11	0.9599	PM_OCQ_096	34	12
11	0.9599	PM_OCQ_338	34	12
12	0.8733	PM_OCQ_106	36	13
13	0.9618	PM_OCQ_123	38	14
13	0.9618	PM_OCQ_373	38	14
14	0.9188	PM_OCQ_128	39	15
15	0.7131	PM_OCQ_169	42	16
15	0.7131	PM_OCQ_279	42	16
16	0.9157	PM_OCQ_253	44	21
16	0.9157	PM_OCQ_312	51	21
17	0.9135	PM_OCQ_290	47	22
17	0.9135	PM_OCQ_292	48	22
18	0.0702	PM_OCQ_298	49	23
19	0.9625	PM_OCQ_304	50	24
19	0.9625	PM_OCQ_305	50	24
20	0.9299	PM_OCQ_315	52	25