Missing data from input file BMR_Neestimator_062421.txt.

Possible four types of missing data at a locus:
	1. Genotype contains only zeros or partially scored.
	2. Genotype has less digits than normal one.
	3. Genotype has more digits than normal one.
	4. Genotype contains non-digit character.
Types 3 and 4 stop the program.

In the table, each row is for an individual with missing data
(a) If column 'Locus' has only one number, then it is the first
    locus with missing data and also of highest missing data type.
(b) If column 'Locus' has 2 numbers, then the first number is
    the first locus with data missing, and the second number is
    the first locus that has highest missing data type.
(c) Genotype column contains the genotype of the locus in case (a)
    or the second locus in case (b).

Population 1 [PM_BMR_017]
-----------------------------------------------------------
Individual       Locus         Genotype     Number of Loci
                                          with missing data
       1          148             0000            51
       2           38             0000            44
       3          210             0000            13
       4          218             0000             7
       5           38             0000            12
       6            3             0000           572
       7           12             0000            52
       8          148             0000            41
       9          756             0000             8
      10          218             0000             8
      11            3             0000            12
      12            3             0000            24
      13          238             0000             3
      14          500             0000            11
      15            3             0000             7
      16            3             0000            11
      17          238             0000             7
      18          559             0000            13
      19            3             0000            27
      20            3             0000            30
      21          217             0000             7
      22            3             0000            35
      23            3             0000            38
      24          624             0000            10
      25          756             0000             7
      26            3             0000             9
      27            3             0000            76
      28            3             0000            91
      29          254             0000            22
      30            3             0000            17
      31          254             0000            23
      32            3             0000             7
      33            3             0000            11
      34          401             0000            10
      35          117             0000             6
      36           79             0000            43
      37            3             0000            45
      38            3             0000            16
      39            3             0000            13
      40            3             0000            13
      41          217             0000             8
      42          320             0000             8
      43            2             0000           740
      44            3             0000            83
      45          677             0000            14
      46            3             0000            34
      47          925             0000             6
      48          117             0000            22
      49          433             0000             9
      50            3             0000            10
      51            3             0000            25
      52            3             0000           694
      53            3             0000            68
      54          433             0000             6
      55            3             0000            11
      56            3             0000            17
      57            3             0000           168
      58            3             0000            16
      59           79             0000            37
      60            3             0000           136
      61            3             0000             7
      62            3             0000            11
      63            3             0000            11
      64            3             0000            56
      65            3             0000            18
      66            3             0000            41
      67            3             0000           410
      68            3             0000            15
      69         1037             0000             6
      70            3             0000             6
      71          217             0000             8
      72            3             0000            12
      73            3             0000             8
      74            3             0000             5
      75            3             0000            82
      76            3             0000            13
      77         1037             0000             3
      78            3             0000             9
      79          217             0000             9
      80            3             0000            22
      81           46             0000            19
      82            3             0000            19
      83          210             0000            22
      84            3             0000            29
      85          370             0000            19
      86            3             0000            45
      87          117             0000             5
      88          217             0000             8
      89            3             0000           225
      90           46             0000            74
      91            3             0000             9
      92          148             0000            22
      93            3             0000            13
      94          217             0000            15
      95            3             0000            24
      96          218             0000            15
      97            3             0000            34
      98           38             0000            37
      99          218             0000            11
     100            3             0000            38
     101            3             0000            12
     102            3             0000            16
     103          117             0000            17
     104          210             0000            14
     105           14             0000            10
     106          217             0000             5
     107            1             0000          1966
     108           31             0000           239
     109          218             0000            12
     110          148             0000            15
     111            3             0000            14
     112         1046             0000             6
     113          677             0000            10
     114            3             0000            29
     115          148             0000             6
     116            3             0000            71
     117            1             0000          1538
     118            3             0000            19
     119           38             0000            12
     120           38             0000            10
     121          369             0000            19
     122          218             0000            11
     123            3             0000            24
     124            3             0000            25
     125            3             0000           108
     126          210             0000            11
     127          217             0000             7
     128          732             0000             3
     129          117             0000            12
     130          836             0000             5
     131          332             0000            15
     132            2             0000           451
     133            2             0000           964
     134           38             0000            18
     135          370             0000            17
     136            3             0000            30
     137            3             0000            22
     138           14             0000             2
     139            3             0000            27
     140            3             0000            15
     141          332             0000             5
     142            3             0000             8
     143            3             0000            10
     144            2             0000           566
     145            3             0000            30
     146            3             0000            41
     147            3             0000            26
     148          677             0000            12
     149            3             0000            17
     150            3             0000           259
     151            3             0000            17
     152            3             0000           353
     153            3             0000            43
     154            3             0000           163
     155            3             0000            18
     156            3             0000           246
     157          275             0000            13
     158            3             0000            32
     159            3             0000            17
     160            3             0000            27
     161            3             0000           187
     162            3             0000           177
     163          313             0000             7
     164         1037             0000             7
     165          756             0000             7
     166            3             0000            14
     167          836             0000             9
     168            3             0000            10
     169            3             0000            38
     170            3             0000            10
     171          756             0000             3
     172         1736             0000             2
     173            3             0000             7
     174            3             0000            11
     175           79             0000            11
     176           38             0000             9
     177            3             0000            57
     178            3             0000           182
     179            3             0000            12
     180            3             0000             9
     181          943             0000             7
     182            3             0000             8
     183          148             0000            15
     184          217             0000            11
     185            3             0000            11
     186            3             0000            32
     187          756             0000             4
     188          469             0000             6
     189            3             0000             8
     190          252             0000            11
     191          513             0000             7
     192          217             0000             6
     193            3             0000           399
     194            3             0000           137
     195          756             0000            13
     196          756             0000             6
     197         1021             0000             5
     198          332             0000             4
     199          283             0000             5
     200          283             0000             7
     201            3             0000            18
     202            2             0000           751
     203          170             0000            14
     204         1390             0000             3
     205         1996             0000             4
     206           79             0000             9
     207            3             0000             6
     208         1177             0000             9
     209            3             0000           133
     210            3             0000            77
     211         1996             0000             3
     212         1514             0000             3
     213          217             0000             9
     214           79             0000             7
     215          218             0000            10
     216          756             0000             9
     217            3             0000           227
     218            3             0000            31
     219           12             0000             6
     220          313             0000            10
     221            3             0000             7
     222          217             0000            10
     223          879             0000             4
     224            2             0000           569
     225            3             0000            93
     226            3             0000            26
     227            3             0000            11
     228          756             0000             6
     229            3             0000            18
     230            3             0000            13
     231            3             0000             7
     232            3             0000            16
     233           11             0000           491
     234          756             0000            10
     235            3             0000            10
     236         1037             0000             3
     237          210             0000             5
     238          433             0000             7
     239          218             0000            11
     240            3             0000            59
     241           46             0000           101
     242          252             0000             8
     243          756             0000             5
     244          732             0000             7
     245         1711             0000             3
     246           52             0000            10
     247            3             0000           220
     248            3             0000            21
     249            3             0000           169
     250         1378             0000             4
     251         1037             0000             6
     252         1037             0000             4
     253         2436             0000             3
     254            3             0000           155
     255            3             0000            92
     256          170             0000            14
     257          210             0000            11
     258           79             0000            16
     259          245             0000             5
     260          252             0000             6
     261          218             0000            18
     262            3             0000            23
     263          513             0000            14
     264            3             0000            19
     265          210             0000             7
     266          925             0000             8
     267            3             0000            11
     268          565             0000             6
     269          369             0000             8
     270            3             0000           131
     271          148             0000            10
     272         1037             0000             9
     273          217             0000             5
     274           14             0000            11
     275           51             0000             7
     276          592             0000             4
     277          170             0000            12
     278           51             0000             5
     279           79             0000            10
     280            3             0000            10
     281         1200             0000             7
     282          687             0000             7
     283           14             0000             8
     284         1037             0000             8
     285            3             0000           582
     286            3             0000            98
     287         1918             0000             6
     288         1736             0000             2
     289          379             0000            11
     290          756             0000             6
     291         1390             0000             6
     292         1378             0000             8
     293          217             0000            10
     294            3             0000           396
     295           79             0000            14
     296           79             0000            11
     297           79             0000            12
     298          565             0000             7
     299          756             0000            11
     300            3             0000            10
     301            3             0000            29
     302            3             0000            18
     303            3             0000             9
     304           79             0000             5
     305          217             0000             4
     306         1390             0000             7
     307          117             0000             9
     308            3             0000            22
     309            3             0000            70
     310          117             0000             8
     311         1037             0000             2
     312          283             0000             6
     313          303             0000             9
     314          210             0000             8
     315           79             0000            11
     316         1996             0000             2
     317            3             0000            45
     318         1996             0000             6
     319          217             0000            11
     320          449             0000             8
     321          687             0000             3
     322          756             0000            10
     323           79             0000            13
     324          217             0000             8
     325         1497             0000             7
     326          218             0000             7
     327           38             0000             9
     328          218             0000            10
     329         1037             0000             6
     330          702             0000            10
     331            3             0000             9
     332            3             0000             7
     333            3             0000            14
     334           92             0000            29
     335          978             0000             8
     336         1430             0000             4
     337           38             0000             5
     338          217             0000             7
     339         1037             0000             7
     340            3             0000           262
     341           79             0000             7
     342           38             0000            29
     343         1996             0000             3
     344         1390             0000             4
     345          148             0000            10
     346          592             0000             9
     347           38             0000             3
     348          218             0000            10
     349            3             0000           306
     350            3             0000            90
     351            3             0000            33
     352            3             0000            40
     353           51             0000            16
     354           12             0000            24
     355            3             0000            37
     356          148             0000            13
     357            3             0000            22
     358          218             0000            12
     359         1861             0000             9
     360            3             0000            25
     361           79             0000            13
     362          923             0000            11
     363          218             0000            12
     364           38             0000            19
     365            3             0000           242
     366            2             0000          1208
     367            3             0000            56
     368            3             0000            32
     369           14             0000            10
     370            3             0000            39
     371          702             0000            11
     372          218             0000            11
     373          148             0000            14
     374            3             0000            34
     375            3             0000            30
     376            3             0000            14
     377            3             0000            99
     378            3             0000            76
     379            3             0000            62
     380          148             0000            12
     381            1             0000          2387
     382            3             0000           648
     383            3             0000            45
     384            3             0000            17
     385           38             0000            15
     386            3             0000           107
     387            3             0000            30
     388            3             0000            56
     389            3             0000            26
     390            2             0000          1016
     391            3             0000           109
     392          217             0000            15
     393          500             0000             7
     394           46             0000            59
     395            3             0000            32
     396            3             0000            87
     397            2             0000           653
     398            3             0000           133
     399            3             0000            34
     400            3             0000            52
     401            3             0000            40
     402          217             0000            13
     403          117             0000            13
     404            3             0000           106
     405            2             0000          1425
     406          218             0000            10
     407            3             0000            17
     408            3             0000            32
     409          176             0000            17
     410          176             0000            14
     411            3             0000            13
     412          117             0000            15
     413            2             0000          1168
     414           79             0000            14
     415         1129             0000            10
     416           79             0000            39
     417          245             0000             8
     418            3             0000            30
     419          218             0000             7
     420           46             0000            46
     421           12             0000             8
     422          218             0000            20
     423           52             0000            17
     424            3             0000            34
     425          218             0000            13
     426            3             0000            28
     427          218             0000             3
     428            3             0000           212
     429            3             0000           226
     430            2             0000           430
     431          925             0000            11
     432          687             0000             8
     433            3             0000            41
     434          437             0000            12
     435          210             0000            22
     436            2             0000          1223
     437          148             0000            15
     438           46             0000            51
     439           12             0000            10
     440           14             0000             8
     441           38             0000             9
     442          117             0000             7
     443          976             0000             7
     444            3             0000            19
     445            2             0000          1174
     446          217             0000            32
     447          218             0000            17
     448          218             0000             6
     449           79             0000             9
     450          401             0000            14
     451            3             0000            44
     452          218             0000            12
     453          176             0000            25
     454            3             0000            41
     455          756             0000             9
     456            3             0000            23
     457           79             0000            15
     458          218             0000            11
     459          210             0000            14
     460          756             0000             8
     461            3             0000           408
     462            3             0000            98
     463          218             0000             8
     464          210             0000            15
     465          117             0000            10
     466          497             0000            10
     467          218             0000            15
     468         1901             0000             7
     469            3             0000             8
     470            3             0000            56
     471          218             0000            16
     472            3             0000            12
     473          218             0000            13
     474         1390             0000             4
     475          217             0000            14
     476           79             0000            30
     477            1             0000          1812
     478            2             0000           532
     479            3             0000            15
     480          148             0000             8
     481          218             0000            14
     482            3             0000            12
     483            3             0000            40
     484          925             0000            10
     485            3             0000            46
     486            2             0000           452
     487            3             0000            24
     488          649             0000            12
     489            3             0000           103
     490            3             0000            18
     491           79             0000            14
     492           79             0000            11
     493           38             0000            93
     494          217             0000            15
     495          218             0000             8
     496            3             0000            36
     497          217             0000            11
     498          218             0000            16
     499          218             0000            14
     500            3             0000           140
     501            2             0000          1365
     502          117             0000            13
     503            3             0000            27
     504            3             0000            29
     505          756             0000             6
     506            3             0000            70
     507            3             0000            56
     508          218             0000            16
     509            2             0000          1418
     510            3             0000            12
     511            3             0000            62
     512           58             0000            18
     513            3             0000            54
     514           46             0000            24
     515            3             0000           123
     516          147             0000            12
     517          218             0000            19
     518            3             0000           260
     519          218             0000            10
     520            3             0000           261
     521            3             0000            15
     522          218             0000            17
     523            3             0000            67
     524            3             0000           268
     525            3             0000           217
     526            2             0000           538
     527            3             0000            56
     528          210             0000            14
     529           38             0000            13
     530           79             0000            29
     531          148             0000            13
     532            3             0000          1459
     533          210             0000            13
     534           80             0000            42
     535          218             0000            10
     536          218             0000            21
     537            3             0000            42
     538            3             0000            59
     539            3             0000           114
     540           79             0000            39
     541            2             0000          1478
     542           46             0000            94
     543          218             0000            11
     544            3             0000             9
     545            3             0000            12
     546            3             0000            28
     547          218             0000             8
     548            3             0000            55
     549           46             0000            22
     550          218             0000            14
     551         1369             0000             4
     552          217             0000            11
     553           79             0000            14
     554           79             0000            11
     555          117             0000             9
     556            3             0000           175
     557            3             0000           237
     558            3             0000           140
     559            3             0000            16
     560            3             0000            16
     561           79             0000            20
     562           51             0000            14
     563          218             0000            19
     564           79             0000            51
     565          217             0000            12
     566            3             0000           129
     567           38             0000            30
     568           38             0000             9
     569          218             0000            15
     570          313             0000             8
     571          217             0000            15
     572          148             0000            22
     573            1             0000          1935
     574            3             0000            74
     575            3             0000            32
     576           58             0000            10
     577           79             0000            25
     578          702             0000            10
     579          218             0000             8
     580           46             0000            16
     581          218             0000            13
     582            1             0000          1725
     583            3             0000            39
     584           46             0000            16
     585            3             0000            22
     586            3             0000            27
     587           51             0000            28
     588          218             0000            17
     589          218             0000            10
     590            3             0000            30
     591          217             0000            12
     592          218             0000            11
     593           46             0000            17
     594          218             0000            13
     595          117             0000            13
     596            3             0000           255
     597            3             0000            71
     598          401             0000             9
     599           12             0000            14
     600            3             0000            64
     601           46             0000            66
     602           51             0000            26
     603            3             0000            33
     604          218             0000            21
     605           46             0000            57
     606            3             0000            18
     607          218             0000            11
     608            3             0000            17
     609            3             0000            39
     610           46             0000            23
     611            3             0000            92
     612          217             0000             6
     613          469             0000             5
     614           46             0000            25
     615          369             0000             5
     616            3             0000           130
     617          117             0000            19
     618          218             0000            13
     619          559             0000            13
     620            3             0000            42
     621          218             0000            13
     622            3             0000             9
     623            3             0000            28
     624            3             0000            21
     625            3             0000            42
     626            3             0000            19
     627            3             0000            39
     628            2             0000          1510
     629            3             0000            37
     630            3             0000            14
     631          110             0000            22
     632            3             0000            30
     633            3             0000            23
     634            3             0000            12
     635          218             0000            16
     636          217             0000             9
     637            1             0000          1375
     638            3             0000           345
     639            3             0000            12
     640            3             0000            19
     641            3             0000            11
     642           79             0000            17
     643            3             0000            17
     644            3             0000            15
     645            3             0000            99
     646          702             0000             4
     647            3             0000             3
     648            3             0000            37
     649            3             0000            44
     650          624             0000             8
     651          117             0000             7
     652         1037             0000             9
     653            3             0000           220
     654            3             0000           136
     655            3             0000            26
     656            3             0000            13
     657          218             0000            14
     658          500             0000             7
     659            3             0000            16
     660            3             0000            14
     661          500             0000             5
     662            3             0000            81
     663            3             0000            12
     664            3             0000            17
     665            3             0000            17
     666          275             0000             8
     667         2228             0000             3
     668            3             0000            20
     669            1             0000          1741
     670            3             0000           496
     671           46             0000            28
     672          313             0000            23
     673            3             0000            10
     674            3             0000            17
     675          218             0000            13
     676          313             0000             6
     677            3             0000            29
     678            2             0000          1196
     679            3             0000            44
     680            3             0000            23
     681            3             0000            14
     682            3             0000            41
     683            3             0000            13
     684            3             0000            27
     685            3             0000            86
     686            3             0000            70
     687          756             0000             6
     688            3             0000            14
     689            3             0000            28
     690         1996             0000             4
     691          283             0000             5
     692            3             0000            67
     693            2             0000           606
     694          217             0000            20
     695            3             0000            11
     696           79             0000            13
     697            3             0000             8
     698           14             0000             4
     699         1996             0000             3
     700          847             0000             4
     701            3             0000           213
     702         2169             0000             2
     703          313             0000            12
     704          218             0000            20
     705            3             0000            38
     706          254             0000            10
     707          218             0000             7
     708           38             0000            10
     709          480             0000             5
     710          870             0000            11
     711          218             0000            17
     712          218             0000             7
     713         1200             0000             6
     714           38             0000             6
     715           79             0000            25
     716            3             0000             7
     717          218             0000             9
     718            3             0000            12
     719          499             0000             3
     720           38             0000             6
     721          756             0000             9
     722          218             0000             9
     723          117             0000            12
     724            2             0000           825
     725          218             0000             9
     726            3             0000           177
     727         1378             0000             2
     728            3             0000            24
     729         1216             0000             6
     730          218             0000            19
     731          148             0000             8
     732         1736             0000             4
     733            3             0000           307
     734            3             0000            40
     735            3             0000            29
     736            3             0000            24
     737            3             0000            21
     738            3             0000            83
     739            3             0000            26
     740            3             0000           184
     741            3             0000            35
     742            3             0000            12
     743          756             0000            11
     744            3             0000           730
     745          176             0000            14
     746            3             0000            17
     747            3             0000            19
     748            3             0000           959
     749            2             0000          1362
     750            3             0000           126
     751          218             0000             9
     752          923             0000            16
     753            3             0000            33
     754          117             0000            13
     755           14             0000            18
     756          218             0000            14
     757            3             0000            69
     758            3             0000            78
     759            3             0000            55
     760            3             0000            54
     761            3             0000            62
     762           79             0000            59
     763          422             0000            15
     764            3             0000            55
     765            2             0000          1594
     766            3             0000           333
     767            3             0000            49
     768           38             0000            18
     769            3             0000            40
     770            3             0000            91
     771            3             0000            36
     772            3             0000            61
     773            3             0000           160
     774            2             0000           829
     775            3             0000            37
     776            3             0000            42
     777           12             0000            17
     778          218             0000            25
     779          320             0000             9
     780            3             0000            87
     781            2             0000           277
     782            3             0000            19
     783            3             0000            44
     784            3             0000            44
     785            3             0000            23
     786            3             0000            79
     787           38             0000            16
     788            2             0000          1555
     789            3             0000           508
     790            3             0000            34
     791            3             0000            73
     792            3             0000            61
     793          217             0000            21
     794          217             0000            13
     795           46             0000            14
     796            3             0000            36
     797            2             0000           496
     798          245             0000             7
     799          148             0000            14
     800            3             0000            41
     801            3             0000           154
     802            3             0000            37
     803          218             0000            12
     804            3             0000            51
     805            3             0000           257
     806            3             0000           102
     807            3             0000            61
     808            3             0000           254
     809            3             0000            21
     810            3             0000            85
     811            3             0000            27
     812           79             0000            34
     813            3             0000            60
     814            3             0000           169
     815            3             0000            47
     816            3             0000          1099
     817            3             0000            59
     818            3             0000            34
     819           51             0000            21
     820            2             0000           765
     821          217             0000             8
     822            3             0000            73
     823            3             0000            30
     824          218             0000            11
     825          218             0000            16
     826          172             0000            16
     827            3             0000            40
     828          218             0000            16
     829            2             0000          1188
     830          756             0000             8
     831            3             0000            20
     832            3             0000            12
     833            3             0000            15
     834          756             0000            12
     835          218             0000            13
     836            3             0000           165
     837           79             0000            13
     838          117             0000            20
     839            3             0000            37
     840            3             0000            99
     841            3             0000            52
     842           52             0000            19
     843            3             0000            54
     844            3             0000           324
     845            3             0000            90
     846           38             0000            18
     847            3             0000            26
     848            3             0000            39
     849           46             0000            60
     850            3             0000            37
     851            3             0000           110
     852           79             0000            23
     853         1390             0000             7
     854            3             0000            26
     855            3             0000            56
     856          218             0000            15
     857            3             0000           122
     858            2             0000           533
     859            3             0000           402
     860            3             0000            90
     861           46             0000            18
     862            3             0000           163
     863          128             0000            11
     864            3             0000            92
     865           46             0000            15
     866            3             0000           139
     867            3             0000           189
     868           79             0000            26
     869          218             0000            15
     870            3             0000            36
     871            3             0000            72
     872            3             0000            25
     873          110             0000            31
     874            2             0000           302
     875           46             0000            48
     876           46             0000            76
     877            3             0000           100
     878           79             0000            12
     879            3             0000            68
     880            3             0000            38
     881            2             0000          2206
     882            2             0000           459
     883            3             0000            18
     884            3             0000            92
     885            3             0000            56
     886            3             0000            20
     887          137             0000            16
     888          117             0000            10
     889          203             0000            88
     890            3             0000           267
     891          217             0000            11
     892            3             0000            39
     893            3             0000            80
     894            3             0000            53
     895            3             0000            84
     896            3             0000            33
     897           46             0000            61
     898           15             0000            97
     899          218             0000            10
     900            3             0000            30
     901           46             0000            13
     902            3             0000            80
     903           79             0000            24
     904          217             0000            15
     905            3             0000            13
     906            3             0000           167
     907            3             0000            67
     908            3             0000            26
     909            3             0000            35
     910            3             0000            32
     911          218             0000            12
     912          217             0000            14
     913            3             0000           521
     914           46             0000            23
     915            3             0000            14
     916          218             0000            21
     917          497             0000             8
     918          217             0000            18
     919            3             0000            32
     920          369             0000            13
     921           79             0000            14
     922            3             0000           139
     923            3             0000            75
     924          218             0000             9
     925          218             0000            10
     926            3             0000            11
     927         1794             0000             5
     928           51             0000             9
     929          218             0000            24
     930            3             0000            22
     931          218             0000            10
     932           46             0000            53
     933            3             0000            50
     934            3             0000            36
     935          117             0000             9
     936            3             0000            16
     937            3             0000            43
     938            2             0000          1009
     939            3             0000           286
     940            3             0000            50
     941          218             0000            13
     942            3             0000            56
     943            3             0000           223
     944          218             0000             7
     945            3             0000             7
     946           38             0000            11
     947            3             0000           205
     948          218             0000            15
     949          218             0000            12
     950          982             0000             9
     951         1037             0000             4
     952            3             0000            25
     953           79             0000            12
     954            1             0000          2761
     955            3             0000           443
     956            3             0000           115
     957            3             0000            12
     958            3             0000            36
     959            3             0000            19
     960            3             0000            17
     961            3             0000            12
     962            3             0000            13
     963            2             0000          1398
     964            3             0000            21
     965          217             0000             9
     966           79             0000            15
     967            3             0000            49
     968            3             0000            13
     969            3             0000            47
     970            2             0000           586
     971            3             0000           116
     972            3             0000            17
     973          756             0000            11
     974           52             0000            12
     975            3             0000            40
     976            3             0000            55
     977            3             0000            45
     978            2             0000          1133
     979           79             0000            11
     980            3             0000            35
     981            3             0000            29
     982            1             0000          3084
     983           12             0000            18
     984            3             0000            11
     985            3             0000             7
     986            2             0000           580
     987           38             0000            10
     988           51             0000             8
     989            3             0000            21
     990            3             0000            35
     991            3             0000            38
     992            3             0000            10
     993          401             0000            10
     994          148             0000             5
     995         1390             0000            12
     996            3             0000             8
     997           79             0000             9
     998          756             0000            14
     999           79             0000            17
    1000            3             0000            64
    1001          148             0000             8
    1002            3             0000            25
    1003          210             0000             9
    1004          217             0000            11
    1005            3             0000            25
    1006            3             0000            17
    1007          117             0000            15
    1008            2             0000          2221
    1009            3             0000             9
    1010           46             0000            37
    1011          449             0000             8
    1012            3             0000            33
    1013            3             0000            15
    1014         1274             0000             2
    1015            3             0000            44
    1016          148             0000             8
    1017            1             0000          1480
    1018            3             0000            32
    1019          370             0000            12
    1020           38             0000             7
    1021           38             0000            10
    1022          117             0000            15
    1023          497             0000             8
    1024            3             0000            26
-----------------------------------------------------------
Total missing data for population    1:       107385

Population 2 [PM_BMR_002]
-----------------------------------------------------------
Individual       Locus         Genotype     Number of Loci
                                          with missing data
       1           38             0000            43
       2          218             0000            10
       3           79             0000            13
       4          218             0000            11
       5          218             0000            10
       6           12             0000            38
       7           12             0000            54
       8          756             0000            10
       9         1200             0000             5
      10          218             0000            13
      11            3             0000            62
      12            3             0000             7
      13          148             0000             9
      14         1320             0000             6
-----------------------------------------------------------
Total missing data for population    2:          291

Population 3 [PM_BMR_1055]
-----------------------------------------------------------
Individual       Locus         Genotype     Number of Loci
                                          with missing data
       1           79             0000            11
       2            2             0000          1629
       3            3             0000            15
       4          429             0000             9
       5            3             0000            14
       6            3             0000            17
       7          254             0000            12
       8           79             0000            37
       9            3             0000            22
      10            3             0000            15
      11            3             0000            27
      12            3             0000            10
      13           79             0000             7
      14           12             0000            11
      15            3             0000            10
      16          218             0000            28
      17           46             0000            15
      18            3             0000           129
      19          429             0000            13
      20           79             0000             9
      21            3             0000            24
      22            3             0000            11
      23            3             0000            28
      24            1             0000          1851
      25           79             0000            44
      26           80             0000            90
      27          429             0000             8
      28          217             0000             2
      29          217             0000            11
      30            3             0000            17
      31          218             0000            25
      32          429             0000             8
      33            1             0000          1648
      34            3             0000           196
-----------------------------------------------------------
Total missing data for population    3:         6003

