Output from NeEstimator v2.1
Starting time: Mon Jun 28 18:35:13 2021
Input File: "CHENeestimator_062421.txt"

Number of Loci = 3087

Non-polymorphic loci:     3,     4,     5,     7,     8,     9,    10,    12,
           15,    17,    21,    25,    27,    29,    30,    36,    37,    38,
           40,    42,    43,    44,    46,    51,    52,    54,    55,    56,
           57,    58,    59,    60,    62,    63,    66,    67,    70,    71,
           72,    73,    74,    75,    77,    78,    79,    82,    84,    85,
           87,    89,    90,    91,    94,    96,    97,    99,   101,   103,
          106,   107,   110,   114,   115,   116,   117,   120,   124,   126,
          127,   128,   131,   132,   134,   137,   139,   140,   143,   144,
          145,   147,   148,   149,   150,   151,   155,   156,   157,   160,
          167,   170,   171,   172,   173,   174,   177,   179,   181,   186,
          190,   193,   194,   195,   196,   198,   201,   203,   204,   205,
          206,   207,   208,   210,   211,   212,   213,   214,   215,   217,
          218,   220,   221,   222,   225,   226,   227,   228,   231,   233,
          235,   236,   240,   245,   249,   254,   257,   258,   260,   261,
          262,   265,   267,   269,   270,   271,   272,   273,   275,   277,
          283,   284,   288,   290,   291,   292,   294,   298,   299,   302,
          303,   306,   309,   315,   316,   317,   318,   319,   320,   326,
          329,   330,   333,   334,   335,   337,   340,   343,   344,   345,
          346,   349,   352,   354,   355,   356,   358,   365,   367,   368,
          369,   370,   371,   372,   374,   376,   378,   379,   380,   381,
          382,   383,   385,   389,   390,   392,   393,   394,   395,   398,
          402,   403,   405,   406,   412,   413,   415,   417,   418,   419,
          420,   424,   427,   432,   433,   439,   440,   441,   442,   443,
          444,   445,   446,   448,   449,   450,   453,   454,   455,   456,
          457,   459,   460,   461,   462,   463,   465,   466,   467,   470,
          472,   476,   479,   480,   481,   482,   484,   485,   487,   488,
          492,   493,   494,   498,   500,   502,   503,   504,   508,   509,
          510,   511,   512,   518,   520,   526,   527,   530,   534,   535,
          541,   542,   543,   546,   547,   548,   549,   550,   552,   553,
          555,   558,   559,   561,   562,   563,   565,   566,   567,   568,
          569,   571,   572,   575,   576,   577,   578,   579,   580,   587,
          588,   589,   591,   597,   600,   605,   606,   608,   611,   619,
          620,   621,   622,   624,   625,   626,   628,   630,   633,   634,
          635,   636,   637,   638,   639,   640,   641,   642,   643,   644,
          645,   646,   649,   652,   656,   660,   664,   665,   666,   668,
          669,   673,   676,   679,   680,   682,   685,   689,   690,   691,
          692,   693,   695,   696,   700,   701,   703,   705,   706,   708,
          709,   710,   712,   713,   714,   716,   717,   720,   722,   723,
          724,   726,   728,   732,   733,   735,   737,   738,   739,   741,
          744,   745,   747,   748,   749,   750,   752,   753,   756,   762,
          763,   764,   768,   772,   775,   776,   777,   779,   783,   784,
          785,   787,   788,   790,   793,   796,   797,   798,   799,   800,
          801,   805,   806,   807,   810,   812,   813,   814,   815,   816,
          818,   819,   820,   821,   822,   824,   825,   826,   829,   830,
          835,   836,   837,   838,   839,   840,   845,   847,   849,   856,
          857,   861,   863,   864,   868,   869,   870,   871,   873,   877,
          878,   880,   881,   884,   885,   886,   891,   894,   896,   897,
          899,   900,   902,   912,   914,   918,   919,   920,   922,   924,
          927,   929,   930,   936,   942,   943,   944,   945,   948,   949,
          950,   951,   952,   954,   955,   956,   958,   959,   961,   963,
          964,   965,   966,   967,   968,   970,   972,   973,   976,   978,
          979,   983,   985,   988,   989,   990,   991,   993,   995,   996,
          999,  1000,  1002,  1003,  1004,  1007,  1008,  1012,  1013,  1014,
         1016,  1017,  1019,  1021,  1025,  1026,  1028,  1029,  1031,  1032,
         1033,  1035,  1037,  1038,  1040,  1047,  1048,  1049,  1051,  1053,
         1055,  1056,  1057,  1061,  1062,  1064,  1066,  1067,  1072,  1073,
         1075,  1077,  1079,  1082,  1083,  1084,  1085,  1086,  1087,  1088,
         1092,  1093,  1101,  1102,  1105,  1106,  1107,  1109,  1112,  1116,
         1117,  1118,  1119,  1121,  1123,  1126,  1128,  1133,  1137,  1139,
         1141,  1143,  1146,  1148,  1149,  1150,  1154,  1158,  1159,  1160,
         1164,  1165,  1166,  1169,  1173,  1174,  1177,  1178,  1180,  1181,
         1182,  1185,  1186,  1188,  1192,  1194,  1195,  1196,  1197,  1199,
         1200,  1201,  1204,  1206,  1207,  1209,  1210,  1211,  1213,  1217,
         1218,  1219,  1221,  1226,  1227,  1228,  1229,  1230,  1233,  1236,
         1238,  1240,  1241,  1242,  1244,  1245,  1249,  1250,  1252,  1253,
         1254,  1263,  1266,  1267,  1268,  1269,  1274,  1275,  1279,  1281,
         1283,  1284,  1285,  1289,  1290,  1291,  1292,  1296,  1297,  1300,
         1303,  1304,  1305,  1307,  1308,  1309,  1312,  1313,  1314,  1315,
         1316,  1317,  1319,  1320,  1321,  1322,  1323,  1324,  1327,  1332,
         1333,  1335,  1340,  1342,  1345,  1348,  1349,  1350,  1351,  1352,
         1353,  1354,  1355,  1356,  1360,  1364,  1365,  1367,  1368,  1369,
         1372,  1375,  1376,  1377,  1381,  1382,  1384,  1386,  1388,  1389,
         1390,  1391,  1392,  1393,  1396,  1399,  1400,  1404,  1409,  1410,
         1411,  1413,  1415,  1417,  1419,  1422,  1423,  1425,  1426,  1427,
         1428,  1430,  1432,  1433,  1434,  1435,  1436,  1438,  1440,  1447,
         1449,  1450,  1451,  1453,  1454,  1457,  1459,  1461,  1463,  1464,
         1466,  1468,  1469,  1470,  1472,  1474,  1477,  1480,  1488,  1489,
         1492,  1493,  1494,  1495,  1496,  1501,  1502,  1506,  1507,  1509,
         1512,  1516,  1517,  1521,  1523,  1524,  1528,  1529,  1531,  1532,
         1534,  1535,  1536,  1537,  1540,  1542,  1543,  1544,  1545,  1552,
         1553,  1555,  1558,  1559,  1560,  1566,  1567,  1569,  1574,  1579,
         1580,  1582,  1583,  1584,  1585,  1586,  1587,  1596,  1598,  1600,
         1603,  1604,  1607,  1608,  1610,  1611,  1616,  1618,  1619,  1621,
         1623,  1624,  1629,  1631,  1632,  1633,  1635,  1636,  1637,  1638,
         1642,  1645,  1647,  1649,  1650,  1652,  1654,  1656,  1658,  1661,
         1664,  1666,  1673,  1678,  1679,  1681,  1682,  1685,  1686,  1688,
         1689,  1690,  1691,  1692,  1693,  1694,  1696,  1698,  1701,  1703,
         1704,  1708,  1709,  1710,  1711,  1713,  1718,  1719,  1721,  1722,
         1724,  1725,  1726,  1730,  1731,  1732,  1733,  1734,  1735,  1738,
         1740,  1742,  1743,  1744,  1745,  1749,  1751,  1752,  1757,  1760,
         1761,  1764,  1766,  1767,  1770,  1771,  1775,  1778,  1780,  1781,
         1782,  1783,  1784,  1785,  1786,  1787,  1789,  1791,  1793,  1794,
         1796,  1798,  1799,  1802,  1803,  1804,  1807,  1808,  1809,  1812,
         1813,  1814,  1815,  1821,  1823,  1825,  1829,  1831,  1833,  1834,
         1842,  1843,  1845,  1847,  1848,  1849,  1850,  1851,  1852,  1855,
         1856,  1857,  1861,  1863,  1864,  1865,  1866,  1867,  1868,  1869,
         1871,  1872,  1873,  1874,  1877,  1878,  1879,  1882,  1883,  1885,
         1886,  1887,  1888,  1889,  1891,  1892,  1893,  1895,  1896,  1897,
         1898,  1899,  1900,  1901,  1903,  1904,  1905,  1907,  1909,  1911,
         1915,  1916,  1917,  1920,  1922,  1923,  1926,  1927,  1929,  1930,
         1931,  1932,  1933,  1936,  1939,  1941,  1942,  1944,  1945,  1946,
         1948,  1949,  1950,  1951,  1952,  1953,  1954,  1955,  1956,  1958,
         1959,  1960,  1962,  1964,  1966,  1967,  1970,  1971,  1972,  1974,
         1975,  1976,  1977,  1978,  1979,  1981,  1983,  1984,  1988,  1989,
         1990,  1991,  1993,  1995,  1998,  1999,  2001,  2002,  2003,  2005,
         2006,  2007,  2008,  2010,  2012,  2013,  2014,  2015,  2020,  2023,
         2024,  2025,  2026,  2028,  2029,  2030,  2033,  2034,  2036,  2037,
         2038,  2041,  2043,  2045,  2050,  2051,  2052,  2055,  2056,  2059,
         2060,  2063,  2064,  2065,  2071,  2072,  2073,  2074,  2075,  2076,
         2077,  2078,  2079,  2086,  2087,  2089,  2090,  2093,  2094,  2100,
         2102,  2104,  2105,  2109,  2111,  2113,  2114,  2116,  2118,  2119,
         2122,  2123,  2124,  2127,  2130,  2132,  2133,  2134,  2135,  2136,
         2138,  2139,  2141,  2142,  2145,  2147,  2148,  2149,  2155,  2159,
         2167,  2169,  2172,  2173,  2175,  2177,  2178,  2179,  2183,  2184,
         2188,  2195,  2196,  2197,  2199,  2203,  2204,  2205,  2207,  2210,
         2212,  2216,  2218,  2219,  2221,  2224,  2226,  2229,  2232,  2233,
         2234,  2239,  2240,  2241,  2243,  2244,  2246,  2247,  2250,  2251,
         2253,  2255,  2256,  2261,  2262,  2265,  2267,  2271,  2273,  2274,
         2276,  2277,  2278,  2279,  2280,  2283,  2284,  2285,  2286,  2290,
         2292,  2294,  2295,  2297,  2299,  2302,  2303,  2305,  2306,  2307,
         2308,  2309,  2310,  2314,  2316,  2317,  2318,  2319,  2323,  2324,
         2325,  2327,  2328,  2329,  2332,  2334,  2335,  2343,  2344,  2345,
         2353,  2354,  2356,  2361,  2363,  2364,  2366,  2369,  2371,  2374,
         2375,  2377,  2378,  2380,  2382,  2383,  2385,  2387,  2388,  2390,
         2392,  2399,  2400,  2403,  2405,  2406,  2407,  2408,  2409,  2411,
         2412,  2415,  2419,  2422,  2423,  2425,  2429,  2430,  2431,  2432,
         2437,  2438,  2439,  2440,  2441,  2443,  2445,  2446,  2447,  2449,
         2453,  2454,  2455,  2461,  2463,  2464,  2465,  2471,  2472,  2479,
         2480,  2484,  2487,  2488,  2489,  2491,  2494,  2497,  2498,  2499,
         2501,  2504,  2507,  2508,  2511,  2514,  2515,  2517,  2519,  2520,
         2521,  2523,  2524,  2526,  2528,  2529,  2530,  2534,  2536,  2537,
         2539,  2542,  2543,  2544,  2545,  2548,  2549,  2550,  2552,  2555,
         2557,  2559,  2560,  2561,  2562,  2563,  2565,  2567,  2570,  2572,
         2573,  2577,  2579,  2580,  2581,  2582,  2583,  2588,  2589,  2592,
         2594,  2598,  2599,  2608,  2609,  2611,  2612,  2617,  2622,  2625,
         2626,  2629,  2631,  2632,  2633,  2640,  2641,  2642,  2644,  2646,
         2647,  2650,  2651,  2652,  2654,  2655,  2656,  2657,  2658,  2659,
         2660,  2661,  2662,  2665,  2666,  2667,  2668,  2669,  2670,  2671,
         2672,  2674,  2675,  2679,  2680,  2682,  2684,  2687,  2689,  2691,
         2692,  2693,  2697,  2699,  2700,  2701,  2702,  2705,  2706,  2708,
         2709,  2713,  2714,  2717,  2719,  2723,  2725,  2730,  2731,  2735,
         2736,  2739,  2741,  2742,  2743,  2744,  2745,  2746,  2748,  2750,
         2751,  2752,  2753,  2754,  2756,  2758,  2759,  2762,  2764,  2765,
         2766,  2768,  2769,  2770,  2772,  2775,  2776,  2777,  2778,  2779,
         2782,  2783,  2784,  2785,  2787,  2790,  2793,  2795,  2796,  2800,
         2802,  2803,  2804,  2805,  2806,  2807,  2811,  2812,  2813,  2815,
         2817,  2818,  2819,  2820,  2823,  2827,  2828,  2830,  2832,  2834,
         2837,  2840,  2842,  2843,  2844,  2847,  2849,  2850,  2852,  2853,
         2854,  2855,  2856,  2857,  2861,  2862,  2864,  2865,  2867,  2869,
         2870,  2872,  2877,  2879,  2880,  2881,  2882,  2885,  2886,  2887,
         2888,  2890,  2891,  2893,  2894,  2895,  2897,  2902,  2903,  2907,
         2910,  2912,  2913,  2914,  2915,  2917,  2920,  2921,  2923,  2924,
         2925,  2927,  2928,  2929,  2931,  2935,  2936,  2937,  2938,  2949,
         2951,  2953,  2954,  2955,  2957,  2959,  2961,  2963,  2964,  2965,
         2966,  2967,  2970,  2971,  2972,  2977,  2980,  2982,  2983,  2986,
         2992,  2995,  2996,  2997,  2998,  3001,  3004,  3008,  3010,  3011,
         3013,  3014,  3015,  3016,  3017,  3018,  3019,  3021,  3022,  3024,
         3026,  3029,  3033,  3034,  3035,  3036,  3037,  3039,  3045,  3052,
         3053,  3057,  3060,  3069,  3071,  3072,  3075,  3077,  3078,  3079,
         3080,  3082,  3083,  3086,  3087
Total non-polymorphic = 1593

LD mating model: Random

(Symbol "No S*" in Frequency means that NO Singleton Alleles are accepted.)

Population     1 [PM_CHE_001]  (Number of Individuals = 52)
****************
--------------------------------------------------------------
Lowest Allele Frequency Used     0.050       No S*         0+
--------------------------------------------------------------

LINKAGE DISEQUILIBRIUM METHOD

Harmonic Mean Sample Size =       28.8        37.9        37.9
Independent Comparisons =       2942      694500      902688
OverAll r^2 =                 0.049286    0.953939    0.911363
Expected r^2 Sample =         0.032984    0.028582    0.028643
Estimated Ne^ =                   17.0         0.2         0.2

95% CIs for Ne^
* Parametric                      14.4         0.2         0.2
                                  20.4         0.2         0.2

* JackKnife on Samples             7.9         0.0         0.0
                                  46.6         0.6         0.6

**************************************************************

Ending time: Mon Jun 28 18:35:23 2021
-------------------------------------

