Output from NeEstimator v2.1
Starting time: Wed Jun  9 18:18:31 2021
Input File: "Neestimator_060921.txt"

Number of Loci = 3091

Non-polymorphic loci:     2,     4,     7,     8,    10,    14,    17,    18,
           19,    21,    22,    23,    24,    37,    38,    40,    41,    42,
           43,    44,    48,    49,    50,    51,    53,    56,    61,    64,
           65,    67,    68,    69,    70,    72,    75,    76,    80,    83,
           84,    87,    89,    90,    96,    98,    99,   100,   101,   105,
          106,   110,   111,   114,   117,   118,   122,   126,   127,   128,
          129,   130,   131,   133,   134,   136,   139,   140,   141,   143,
          144,   146,   147,   151,   153,   154,   158,   161,   162,   165,
          167,   168,   169,   170,   175,   178,   182,   183,   186,   187,
          191,   197,   200,   202,   204,   208,   209,   210,   213,   215,
          222,   223,   231,   232,   233,   236,   237,   240,   242,   248,
          249,   252,   256,   257,   259,   261,   262,   263,   264,   267,
          270,   272,   273,   277,   278,   280,   283,   284,   289,   297,
          298,   301,   306,   309,   311,   313,   315,   316,   319,   321,
          323,   325,   326,   327,   331,   339,   343,   345,   346,   347,
          350,   355,   359,   361,   366,   367,   370,   371,   372,   375,
          377,   379,   380,   381,   385,   386,   389,   390,   392,   394,
          395,   396,   397,   398,   399,   401,   403,   409,   411,   415,
          416,   419,   420,   423,   427,   428,   429,   431,   433,   435,
          436,   437,   438,   442,   445,   446,   447,   452,   453,   454,
          455,   460,   461,   462,   463,   464,   470,   471,   472,   473,
          474,   475,   476,   479,   480,   482,   484,   485,   490,   492,
          495,   496,   498,   502,   504,   506,   509,   510,   512,   514,
          518,   520,   526,   527,   529,   531,   532,   534,   541,   543,
          545,   546,   550,   551,   554,   556,   558,   559,   561,   564,
          567,   568,   569,   572,   574,   582,   583,   584,   585,   588,
          589,   594,   598,   600,   601,   602,   603,   606,   607,   608,
          611,   613,   615,   619,   620,   622,   624,   625,   628,   629,
          631,   633,   636,   637,   638,   639,   641,   642,   643,   644,
          645,   646,   647,   649,   651,   656,   664,   666,   668,   670,
          674,   675,   676,   677,   678,   679,   682,   685,   686,   687,
          688,   690,   691,   693,   694,   695,   698,   702,   703,   707,
          708,   709,   710,   712,   714,   727,   729,   732,   736,   738,
          739,   745,   746,   752,   753,   755,   759,   760,   763,   766,
          768,   770,   774,   777,   780,   781,   782,   783,   784,   785,
          788,   791,   792,   796,   797,   799,   802,   811,   814,   815,
          816,   817,   818,   819,   821,   825,   826,   827,   829,   830,
          832,   833,   837,   838,   841,   843,   849,   853,   854,   855,
          856,   857,   860,   861,   862,   866,   867,   872,   875,   876,
          878,   881,   882,   883,   885,   886,   887,   889,   891,   894,
          895,   896,   897,   898,   899,   900,   903,   906,   907,   909,
          910,   913,   914,   915,   918,   921,   925,   926,   927,   932,
          933,   936,   942,   943,   945,   946,   947,   951,   954,   957,
          967,   968,   970,   972,   973,   976,   978,   981,   983,   988,
          990,   991,   992,   998,   999,  1001,  1003,  1007,  1009,  1011,
         1012,  1015,  1016,  1021,  1024,  1027,  1030,  1031,  1033,  1039,
         1042,  1044,  1049,  1050,  1052,  1053,  1054,  1055,  1058,  1059,
         1067,  1071,  1073,  1074,  1075,  1082,  1087,  1093,  1094,  1100,
         1101,  1103,  1104,  1107,  1110,  1112,  1117,  1118,  1121,  1124,
         1128,  1129,  1130,  1132,  1135,  1138,  1143,  1144,  1145,  1146,
         1147,  1151,  1161,  1162,  1164,  1165,  1169,  1171,  1173,  1177,
         1178,  1180,  1181,  1183,  1184,  1185,  1187,  1194,  1197,  1199,
         1200,  1202,  1203,  1204,  1206,  1207,  1208,  1209,  1212,  1213,
         1214,  1215,  1217,  1218,  1223,  1224,  1225,  1226,  1228,  1229,
         1230,  1232,  1237,  1238,  1239,  1240,  1242,  1243,  1244,  1245,
         1246,  1251,  1253,  1254,  1260,  1261,  1263,  1265,  1272,  1273,
         1278,  1279,  1282,  1285,  1286,  1289,  1290,  1293,  1297,  1298,
         1305,  1309,  1311,  1314,  1316,  1318,  1320,  1321,  1323,  1324,
         1325,  1326,  1328,  1330,  1332,  1333,  1334,  1336,  1339,  1340,
         1341,  1342,  1345,  1348,  1349,  1353,  1355,  1356,  1357,  1358,
         1359,  1362,  1367,  1368,  1369,  1370,  1371,  1373,  1376,  1377,
         1378,  1380,  1385,  1387,  1388,  1389,  1390,  1395,  1398,  1400,
         1407,  1409,  1411,  1413,  1417,  1420,  1421,  1422,  1424,  1425,
         1427,  1430,  1433,  1437,  1439,  1440,  1442,  1443,  1444,  1445,
         1447,  1449,  1450,  1457,  1458,  1459,  1460,  1461,  1464,  1468,
         1469,  1471,  1475,  1480,  1491,  1500,  1501,  1503,  1505,  1506,
         1507,  1513,  1515,  1516,  1522,  1524,  1526,  1529,  1530,  1531,
         1535,  1539,  1545,  1547,  1551,  1554,  1555,  1557,  1560,  1562,
         1563,  1564,  1565,  1573,  1575,  1576,  1578,  1582,  1583,  1584,
         1585,  1589,  1590,  1593,  1594,  1596,  1597,  1599,  1602,  1603,
         1606,  1608,  1609,  1610,  1611,  1613,  1615,  1616,  1617,  1618,
         1619,  1624,  1625,  1627,  1628,  1632,  1633,  1634,  1636,  1639,
         1644,  1646,  1649,  1651,  1653,  1656,  1657,  1658,  1659,  1660,
         1666,  1667,  1669,  1671,  1672,  1673,  1675,  1677,  1678,  1679,
         1686,  1687,  1688,  1689,  1690,  1691,  1693,  1696,  1700,  1701,
         1702,  1705,  1711,  1712,  1714,  1715,  1716,  1717,  1718,  1721,
         1722,  1725,  1727,  1730,  1731,  1734,  1736,  1738,  1740,  1744,
         1747,  1750,  1752,  1753,  1755,  1757,  1761,  1762,  1763,  1766,
         1767,  1768,  1769,  1770,  1772,  1773,  1774,  1778,  1780,  1782,
         1788,  1789,  1792,  1793,  1796,  1798,  1799,  1803,  1806,  1807,
         1808,  1810,  1812,  1813,  1815,  1817,  1818,  1820,  1825,  1828,
         1829,  1830,  1832,  1835,  1839,  1840,  1842,  1843,  1845,  1848,
         1849,  1850,  1852,  1853,  1854,  1856,  1858,  1859,  1862,  1865,
         1868,  1870,  1872,  1873,  1874,  1877,  1878,  1879,  1883,  1885,
         1886,  1887,  1888,  1889,  1891,  1893,  1894,  1895,  1896,  1897,
         1906,  1907,  1909,  1910,  1912,  1913,  1914,  1916,  1922,  1923,
         1925,  1927,  1929,  1931,  1932,  1933,  1934,  1936,  1937,  1938,
         1939,  1941,  1950,  1955,  1956,  1957,  1959,  1960,  1961,  1962,
         1966,  1967,  1969,  1971,  1972,  1973,  1975,  1977,  1978,  1979,
         1983,  1985,  1987,  1988,  1989,  1990,  1991,  1993,  1997,  1998,
         2000,  2002,  2003,  2005,  2006,  2007,  2008,  2010,  2012,  2014,
         2019,  2021,  2024,  2025,  2026,  2027,  2029,  2032,  2034,  2036,
         2039,  2041,  2042,  2044,  2046,  2048,  2050,  2052,  2056,  2059,
         2061,  2065,  2066,  2067,  2071,  2072,  2075,  2078,  2081,  2082,
         2084,  2088,  2089,  2091,  2094,  2095,  2097,  2099,  2100,  2102,
         2103,  2104,  2106,  2108,  2110,  2111,  2114,  2116,  2119,  2122,
         2124,  2125,  2126,  2129,  2130,  2131,  2133,  2134,  2137,  2141,
         2142,  2146,  2148,  2149,  2150,  2152,  2154,  2155,  2156,  2160,
         2161,  2162,  2165,  2168,  2170,  2172,  2175,  2176,  2177,  2178,
         2179,  2182,  2183,  2184,  2186,  2190,  2191,  2193,  2194,  2196,
         2200,  2201,  2203,  2209,  2215,  2218,  2219,  2222,  2223,  2224,
         2225,  2226,  2234,  2235,  2236,  2239,  2240,  2242,  2243,  2244,
         2245,  2247,  2248,  2253,  2255,  2257,  2261,  2262,  2263,  2264,
         2265,  2268,  2269,  2270,  2271,  2272,  2273,  2274,  2275,  2276,
         2278,  2279,  2280,  2282,  2283,  2284,  2287,  2288,  2289,  2291,
         2295,  2296,  2298,  2303,  2305,  2306,  2313,  2314,  2318,  2319,
         2320,  2325,  2326,  2327,  2328,  2329,  2332,  2335,  2336,  2337,
         2338,  2339,  2340,  2341,  2342,  2343,  2344,  2345,  2350,  2353,
         2358,  2361,  2362,  2363,  2364,  2365,  2366,  2368,  2372,  2374,
         2378,  2379,  2381,  2384,  2387,  2391,  2396,  2403,  2405,  2407,
         2408,  2414,  2417,  2423,  2427,  2429,  2433,  2436,  2437,  2439,
         2441,  2442,  2443,  2446,  2448,  2449,  2452,  2453,  2454,  2458,
         2459,  2460,  2461,  2465,  2466,  2467,  2468,  2469,  2473,  2476,
         2477,  2479,  2482,  2490,  2491,  2493,  2497,  2498,  2499,  2500,
         2502,  2507,  2508,  2509,  2510,  2511,  2512,  2513,  2514,  2516,
         2517,  2518,  2519,  2521,  2523,  2524,  2529,  2532,  2533,  2534,
         2535,  2540,  2542,  2543,  2545,  2548,  2553,  2554,  2556,  2557,
         2560,  2565,  2566,  2567,  2568,  2570,  2571,  2572,  2573,  2576,
         2577,  2578,  2580,  2582,  2583,  2584,  2588,  2589,  2592,  2593,
         2596,  2597,  2598,  2599,  2601,  2603,  2604,  2605,  2606,  2607,
         2609,  2614,  2617,  2620,  2621,  2622,  2626,  2630,  2631,  2635,
         2637,  2639,  2640,  2641,  2643,  2646,  2649,  2650,  2651,  2652,
         2653,  2654,  2655,  2656,  2657,  2658,  2659,  2660,  2661,  2663,
         2666,  2673,  2676,  2677,  2678,  2679,  2680,  2681,  2683,  2688,
         2697,  2698,  2702,  2704,  2706,  2707,  2709,  2711,  2716,  2718,
         2719,  2720,  2724,  2729,  2732,  2733,  2734,  2735,  2741,  2749,
         2752,  2753,  2755,  2756,  2758,  2760,  2765,  2766,  2771,  2781,
         2782,  2787,  2792,  2793,  2796,  2800,  2808,  2812,  2816,  2817,
         2819,  2820,  2824,  2825,  2828,  2829,  2834,  2836,  2839,  2842,
         2843,  2844,  2846,  2848,  2849,  2860,  2863,  2864,  2865,  2866,
         2867,  2870,  2871,  2873,  2876,  2878,  2879,  2880,  2882,  2884,
         2888,  2891,  2892,  2893,  2897,  2899,  2900,  2901,  2902,  2903,
         2904,  2906,  2909,  2910,  2911,  2916,  2922,  2923,  2924,  2925,
         2927,  2928,  2929,  2930,  2931,  2932,  2933,  2935,  2937,  2943,
         2945,  2946,  2947,  2948,  2949,  2952,  2953,  2954,  2957,  2958,
         2959,  2960,  2961,  2962,  2963,  2965,  2968,  2972,  2973,  2975,
         2980,  2981,  2985,  2989,  2990,  2992,  2993,  2994,  2996,  2997,
         3000,  3005,  3006,  3009,  3015,  3017,  3018,  3022,  3026,  3027,
         3028,  3030,  3031,  3035,  3036,  3037,  3039,  3044,  3048,  3051,
         3052,  3054,  3056,  3058,  3059,  3060,  3061,  3062,  3063,  3064,
         3067,  3071,  3073,  3077,  3079,  3081,  3085,  3086,  3089,  3091
Total non-polymorphic = 1408

LD mating model: Random

(Symbol "No S*" in Frequency means that NO Singleton Alleles are accepted.)

Population     1 [PM_OCQ_001]  (Number of Individuals = 396)
****************
--------------------------------------------------------------------------------------
Lowest Allele Frequency Used     0.050       0.020       0.010       No S*         0+
--------------------------------------------------------------------------------------

LINKAGE DISEQUILIBRIUM METHOD

Harmonic Mean Sample Size =      348.6       355.0       355.7       361.2       360.7
Independent Comparisons =     160821      386363      620376     1124211     1400181
OverAll r^2 =                 0.009304    0.010907    0.010235    0.008502    0.007802
Expected r^2 Sample =         0.002821    0.002790    0.002773    0.002746    0.002747
Estimated Ne^ =                   49.3        38.9        42.5        55.8        63.8

95% CIs for Ne^
* Parametric                      48.7        38.6        42.3        55.5        63.6
                                  49.8        39.1        42.7        56.0        64.0

* JackKnife on Samples            43.9        34.3        38.2        51.1        58.5
                                  55.2        44.0        47.2        60.8        69.5

**************************************************************************************

Ending time: Wed Jun  9 18:21:05 2021
-------------------------------------

