Missing data from input file OCQNeestimator_062421.txt.

Possible four types of missing data at a locus:
	1. Genotype contains only zeros or partially scored.
	2. Genotype has less digits than normal one.
	3. Genotype has more digits than normal one.
	4. Genotype contains non-digit character.
Types 3 and 4 stop the program.

In the table, each row is for an individual with missing data
(a) If column 'Locus' has only one number, then it is the first
    locus with missing data and also of highest missing data type.
(b) If column 'Locus' has 2 numbers, then the first number is
    the first locus with data missing, and the second number is
    the first locus that has highest missing data type.
(c) Genotype column contains the genotype of the locus in case (a)
    or the second locus in case (b).

Population 1 [PM_OCQ_001]
-----------------------------------------------------------
Individual       Locus         Genotype     Number of Loci
                                          with missing data
       1          218             0000             5
       2          756             0000             6
       3         2042             0000             4
       4            3             0000            50
       5           79             0000            12
       6            3             0000            80
       7            3             0000            38
       8            3             0000            16
       9          303             0000             5
      10           79             0000             6
      11            3             0000            39
      12            3             0000            43
      13          275             0000            14
      14            3             0000            86
      15          742             0000            21
      16           38             0000            40
      17           79             0000             7
      18            3             0000            17
      19          330             0000             9
      20            3             0000            20
      21          218             0000            23
      22            3             0000            22
      23            3             0000            12
      24           79             0000            18
      25            3             0000             8
      26           79             0000             9
      27          218             0000             6
      28            3             0000            27
      29          218             0000            16
      30           12             0000            13
      31            3             0000           419
      32           79             0000            14
      33            3             0000            30
      34            3             0000            42
      35            3             0000            19
      36           79             0000            36
      37          756             0000             8
      38          742             0000             7
      39            3             0000            18
      40           46             0000            26
      41          137             0000             7
      42          320             0000             8
      43          218             0000             8
      44           14             0000            17
      45            3             0000             7
      46          218             0000            15
      47           79             0000             8
      48          217             0000             3
      49          218             0000             5
      50           79             0000            12
      51           79             0000            33
      52          756             0000             8
      53          677             0000             8
      54            3             0000            47
      55            3             0000            24
      56            3             0000             8
      57          500             0000             5
      58          217             0000             9
      59         2053             0000             3
      60           79             0000             6
      61           79             0000            17
      62          756             0000             5
      63            3             0000            30
      64         1216             0000             5
      65          218             0000            20
      66          254             0000            14
      67            3             0000            17
      68         1390             0000             9
      69            3             0000            75
      70            3             0000            14
      71            1             0000          3062
      72            1             0000          3086
      73            3             0000            63
      74            3             0000           826
      75          756             0000            10
      76          756             0000             6
      77            3             0000            11
      78            3             0000            41
      79           79             0000            15
      80          218             0000            10
      81          283             0000             8
      82            3             0000            23
      83           79             0000            17
      84            3             0000            37
      85          218             0000             6
      86            3             0000           542
      87            3             0000             9
      88          559             0000             5
      89          283             0000             9
      90          218             0000            19
      91           79             0000             8
      92          756             0000             5
      93           38             0000            18
      94            3             0000            67
      95            3             0000            74
      96         1177             0000             9
      97          742             0000             7
      98           12             0000             7
      99          836             0000             9
     100          275             0000            11
     101         1996             0000             5
     102          217             0000             8
     103          756             0000             5
     104          218             0000             6
     105          756             0000             4
     106          756             0000             6
     107           79             0000            17
     108           79             0000             9
     109          449             0000             7
     110           79             0000            23
     111            3             0000             7
     112          218             0000             9
     113          330             0000             3
     114            3             0000            10
     115            3             0000             8
     116            3             0000            10
     117         1133             0000             8
     118            3             0000             7
     119         1037             0000             7
     120           79             0000             8
     121          283             0000             9
     122          742             0000             7
     123          422             0000             5
     124          217             0000            25
     125          742             0000             8
     126          217             0000            10
     127            3             0000            64
     128          218             0000             6
     129            3             0000            28
     130          275             0000            11
     131           51             0000            10
     132           79             0000             9
     133          500             0000             3
     134           79             0000            11
     135         1838             0000             6
     136            3             0000             7
     137          218             0000            13
     138           79             0000             6
     139         1037             0000             5
     140          217             0000            18
     141          756             0000             4
     142           12             0000            10
     143          649             0000            10
     144            3             0000             9
     145          283             0000             6
     146            3             0000             7
     147          217             0000            29
     148           79             0000             6
     149           79             0000             5
     150            3             0000            41
     151          996             0000             6
     152         1549             0000             5
     153         2053             0000             4
     154          210             0000             9
     155          217             0000             2
     156           12             0000             6
     157            3             0000            19
     158           12             0000             2
     159            3             0000            14
     160         1430             0000             4
     161          275             0000            10
     162            3             0000            38
     163            3             0000            18
     164          592             0000            11
     165            3             0000            55
     166          275             0000            12
     167            3             0000            69
     168          218             0000            12
     169           46             0000            64
     170            3             0000           613
     171           79             0000            11
     172         1583             0000             5
     173          756             0000             6
     174           38             0000             5
     175          756             0000             5
     176          756             0000             5
     177          398             0000             8
     178            3             0000            10
     179           79             0000             8
     180            3             0000            24
     181          218             0000             6
     182            3             0000             8
     183         1037             0000             4
     184          756             0000             7
     185         1430             0000             4
     186          275             0000            10
     187         1996             0000             4
     188          217             0000            11
     189           79             0000            14
     190           79             0000             4
     191         1996             0000             4
     192            3             0000            10
     193            1             0000          3086
     194         2053             0000             4
     195            3             0000             7
     196         1996             0000             5
     197         2105             0000             2
     198          218             0000             9
     199         1996             0000             3
     200         2053             0000             1
     201           79             0000             6
     202          592             0000             5
     203          218             0000             8
     204            3             0000            10
     205          283             0000             9
     206            3             0000            11
     207          198             0000            63
     208            3             0000            51
     209           79             0000            11
     210            3             0000             9
     211          330             0000            11
     212          218             0000            18
     213           79             0000             8
     214            3             0000            29
     215            3             0000            12
     216            3             0000            30
     217          217             0000             4
     218           79             0000            11
     219          756             0000             5
     220         1093             0000             5
     221          217             0000            10
     222            3             0000             9
     223            3             0000           514
     224           59             0000            40
     225          592             0000             5
     226          218             0000             7
     227            3             0000            19
     228         1037             0000             7
     229            3             0000            36
     230         1834             0000             6
     231          218             0000             5
     232            3             0000           247
     233         1996             0000             1
     234          370             0000             5
     235          218             0000             8
     236          137             0000            12
     237          217             0000             9
     238            3             0000            10
     239           46             0000            25
     240            3             0000            17
     241            3             0000            39
     242          756             0000             9
     243            3             0000            13
     244            3             0000            16
     245           79             0000             8
     246            3             0000           177
     247            3             0000            93
     248            3             0000             6
     249          740             0000             7
     250            3             0000             7
     251          925             0000             5
     252          422             0000             4
     253            3             0000            15
     254          449             0000             8
     255           46             0000            96
     256            3             0000            10
     257          210             0000             9
     258          218             0000             8
     259          429             0000            15
     260            3             0000            11
     261           79             0000            18
     262          210             0000             7
     263         1216             0000             8
     264            3             0000            22
     265          217             0000            10
     266            3             0000            11
     267          454             0000             7
     268           38             0000             3
     269          218             0000            10
     270            3             0000             8
     271            2             0000           294
     272           46             0000            16
     273          332             0000            10
     274            3             0000            10
     275            3             0000             7
     276          218             0000            12
     277           79             0000            11
     278            2             0000           743
     279          943             0000             6
     281            3             0000             9
     282          756             0000            10
     283          218             0000             7
     284          217             0000            10
     285          218             0000            18
     286          218             0000            11
     287            2             0000           571
     288            3             0000            58
     289          218             0000            11
     290          218             0000            13
     291          756             0000             7
     292           79             0000            21
     293            3             0000            15
     294            3             0000            17
     295            1             0000          3087
     296          218             0000             9
     297          649             0000             8
     298            1             0000          3082
     299            3             0000             8
     300          218             0000            16
     301            3             0000            21
     302            3             0000            18
     303            3             0000            46
     304            3             0000            72
     305            3             0000            15
     306          218             0000             8
     307          559             0000            13
     308            3             0000            30
     309           79             0000            12
     310            3             0000            17
     311          756             0000             8
     312            3             0000            46
     313            3             0000            15
     314          943             0000             7
     315           79             0000            14
     316           79             0000            11
     317           79             0000            10
     318          218             0000            14
     319            2             0000           540
     320            3             0000           123
     321          218             0000            20
     322           79             0000            19
     323            3             0000            16
     324           79             0000             9
     325            3             0000            12
     326           79             0000            24
     327           79             0000             9
     328            3             0000           116
     329         1794             0000             6
     330           79             0000            10
     331            3             0000            12
     332          756             0000            17
     333            3             0000            16
     334            3             0000            17
     335            3             0000            26
     336          218             0000            23
     337            3             0000             9
     338           79             0000            10
     339          218             0000            15
     340            1             0000          3087
     341          218             0000            17
     342            3             0000           526
     343           46             0000            45
     344            3             0000            26
     345            3             0000            10
     346            3             0000            55
     347          218             0000             4
     348          218             0000            19
     349            3             0000            21
     350          218             0000             9
     351            3             0000           224
     352          332             0000             9
     353          218             0000            11
     354            3             0000            37
     355           79             0000            26
     356            3             0000            32
     357            3             0000            26
     358           38             0000            13
     359            3             0000            21
     360          218             0000            18
     361          218             0000            10
     362            3             0000            15
     363          218             0000            11
     364           46             0000            19
     365            3             0000            17
     366          218             0000            12
     367            3             0000            17
     368            3             0000            19
     369           79             0000            11
     370          218             0000            12
     371            3             0000            14
     372          218             0000            13
     373          210             0000            19
     374            2             0000           827
     375           79             0000            22
     376            3             0000            20
     377            3             0000             4
     378            3             0000            22
     379            3             0000            13
     380           79             0000            16
     381           79             0000            17
     382          218             0000             8
     383            2             0000           458
     384            3             0000            70
     385           12             0000            42
     386           12             0000            37
     387         1390             0000             7
     388          218             0000            14
     389          218             0000            12
     390          218             0000             5
     391            1             0000          3087
     392            1             0000          3086
     393           51             0000            54
     394           79             0000            53
     395            3             0000            11
     396           51             0000            11
-----------------------------------------------------------
Total missing data for population    1:        38388

